9.424778e+15 -0.3908 2.6910
9.015005e+15 -0.3762 2.7476
8.639380e+15 -0.3151 2.9111
8.293805e+15 -0.2715 3.0178
7.974812e+15 -0.2650 3.1070
7.679449e+15 -0.2484 3.2341
7.405183e+15 -0.1783 3.3424
7.149832e+15 -0.0934 3.4374
6.911504e+15 0.0949 3.4716
6.688552e+15 0.3500 3.4413
6.479535e+15 0.6864 3.2225
6.283185e+15 1.0850 2.7042
6.098386e+15 1.1721 1.7605
5.924146e+15 0.4914 0.7868
5.759587e+15 -0.4112 0.3986
5.603922e+15 -1.1258 0.3856
5.456450e+15 -1.6510 0.3549
5.316541e+15 -2.1598 0.3089
5.183628e+15 -2.6450 0.2561
5.057198e+15 -3.1344 0.2290
4.936788e+15 -3.6227 0.2092
4.821979e+15 -4.1036 0.2073
4.712389e+15 -4.5734 0.2309
4.607669e+15 -5.0412 0.2297
4.507503e+15 -5.5106 0.2364
4.411598e+15 -5.9786 0.2494
4.319690e+15 -6.4534 0.2621
4.231533e+15 -6.9224 0.2736
4.146902e+15 -7.4035 0.2829
4.065590e+15 -7.8848 0.2935
3.987406e+15 -8.3669 0.3053
3.912172e+15 -8.8635 0.3139
3.839724e+15 -9.3688 0.3198
3.769911e+15 -9.8777 0.3268
3.702591e+15 -10.3948 0.3352
3.637634e+15 -10.9048 0.3433
3.574916e+15 -11.4486 0.3507
3.514324e+15 -11.9740 0.3579
3.455752e+15 -12.5345 0.3627
3.399100e+15 -13.0990 0.3665
3.344276e+15 -13.6455 0.3701
3.291192e+15 -14.2418 0.3771
3.239767e+15 -14.8193 0.3838
3.189925e+15 -15.3842 0.3902
3.141593e+15 -16.0168 0.3934
3.094703e+15 -16.6304 0.3964
3.049193e+15 -17.2260 0.3994
3.005002e+15 -17.8785 0.4094
2.962073e+15 -18.5295 0.4207
2.920354e+15 -19.1620 0.4317
2.879793e+15 -19.7992 0.4424
2.840344e+15 -20.4945 0.4528
2.801961e+15 -21.1709 0.4629
2.764602e+15 -21.8292 0.4727
2.728225e+15 -22.4966 0.4823
2.692794e+15 -23.2326 0.4916
2.658271e+15 -23.9496 0.5007
2.624622e+15 -24.6486 0.5095
2.591814e+15 -25.3300 0.5181
2.559816e+15 -26.0950 0.5282
2.528599e+15 -26.8698 0.5384
2.498134e+15 -27.6259 0.5484
2.468394e+15 -28.3640 0.5582
2.439354e+15 -29.0847 0.5678
2.410990e+15 -29.8975 0.5799
2.383277e+15 -30.7253 0.5927
2.356194e+15 -31.5344 0.6051
2.329720e+15 -32.3253 0.6173
2.303835e+15 -33.0986 0.6292
2.278518e+15 -33.8676 0.6412
2.253751e+15 -34.7781 0.6575
2.229517e+15 -35.6691 0.6735
2.205799e+15 -36.5411 0.6891
2.182580e+15 -37.3947 0.7044
2.159845e+15 -38.2306 0.7194
2.137579e+15 -39.0492 0.7341
2.115766e+15 -39.9588 0.7526
2.094395e+15 -40.9260 0.7737
2.073451e+15 -41.8738 0.7943
2.052922e+15 -42.8029 0.8146
2.032795e+15 -43.7137 0.8344
2.013059e+15 -44.6069 0.8539
1.993703e+15 -45.4829 0.8730
1.974715e+15 -46.3630 0.8922
1.956086e+15 -47.4275 0.9155
1.937805e+15 -48.4721 0.9384
1.919862e+15 -49.4973 0.9609
1.902249e+15 -50.5037 0.9830
1.884956e+15 -51.4918 1.0046
1.867974e+15 -52.4622 1.0259
1.851296e+15 -53.4152 1.0468
1.834913e+15 -54.3513 1.0673
1.818817e+15 -55.3655 1.0914
1.803001e+15 -56.5216 1.1215
1.787458e+15 -57.6578 1.1511
1.772180e+15 -58.7745 1.1802
1.757162e+15 -59.8723 1.2088
1.742396e+15 -60.9516 1.2369
1.727876e+15 -62.0130 1.2645
1.713596e+15 -63.0568 1.2917
