7.53461e+14 2.250000 0.001330
7.52595e+14 2.250000 0.001328
7.51731e+14 2.250000 0.001338
7.50867e+14 2.250000 0.001315
7.50005e+14 2.250000 0.001360
7.49143e+14 2.250000 0.001364
7.48283e+14 2.250000 0.001350
7.47423e+14 2.250000 0.001305
7.46565e+14 2.250000 0.001295
7.45707e+14 2.250000 0.001303
7.44851e+14 2.250000 0.001296
7.43995e+14 2.250000 0.001302
7.43141e+14 2.250000 0.001313
7.42287e+14 2.250000 0.001319
7.41435e+14 2.250000 0.001353
7.40583e+14 2.250000 0.001395
7.39732e+14 2.250000 0.001412
7.38883e+14 2.250000 0.001426
7.38034e+14 2.250000 0.001438
7.37186e+14 2.250000 0.001460
7.36339e+14 2.250000 0.001440
7.35494e+14 2.250000 0.001456
7.34649e+14 2.250000 0.001472
7.33805e+14 2.250000 0.001440
7.32962e+14 2.250000 0.001417
7.32120e+14 2.250000 0.001433
7.31279e+14 2.250000 0.001435
7.30439e+14 2.250000 0.001430
7.29600e+14 2.250000 0.001440
7.28762e+14 2.250000 0.001403
7.27925e+14 2.250000 0.001375
7.27089e+14 2.250000 0.001316
7.26254e+14 2.250000 0.001350
7.25420e+14 2.250000 0.001318
7.24587e+14 2.250000 0.001295
7.23754e+14 2.250000 0.001313
7.22923e+14 2.250000 0.001333
7.22093e+14 2.250000 0.001284
7.21263e+14 2.250000 0.001275
7.20435e+14 2.250000 0.001285
7.19607e+14 2.250000 0.001288
7.18781e+14 2.250000 0.001300
7.17955e+14 2.250000 0.001288
7.17131e+14 2.250000 0.001261
7.16307e+14 2.250000 0.001215
7.15484e+14 2.250000 0.001173
7.14662e+14 2.250000 0.001139
7.13841e+14 2.250000 0.001120
7.13021e+14 2.250000 0.001118
7.12202e+14 2.250000 0.001102
7.11384e+14 2.250000 0.001056
7.10567e+14 2.250000 0.001056
7.09751e+14 2.250000 0.001065
7.08936e+14 2.250000 0.001046
7.08122e+14 2.250000 0.001052
7.07308e+14 2.250000 0.001057
7.06496e+14 2.250000 0.001047
7.05684e+14 2.250000 0.001080
7.04874e+14 2.250000 0.001058
7.04064e+14 2.250000 0.001078
7.03255e+14 2.250000 0.001074
7.02448e+14 2.250000 0.001047
7.01641e+14 2.250000 0.001037
7.00835e+14 2.250000 0.001022
7.00030e+14 2.250000 0.001044
6.99226e+14 2.250000 0.001065
6.98423e+14 2.250000 0.001089
6.97620e+14 2.250000 0.001099
6.96819e+14 2.250000 0.001111
6.96019e+14 2.250000 0.001109
6.95219e+14 2.250001 0.001134
6.94421e+14 2.250001 0.001123
6.93623e+14 2.250001 0.001113
6.92826e+14 2.250001 0.001152
6.92031e+14 2.250001 0.001191
6.91236e+14 2.250001 0.001196
6.90442e+14 2.250001 0.001178
6.89649e+14 2.250000 0.001197
6.88857e+14 2.250000 0.001244
6.88065e+14 2.250001 0.001305
6.87275e+14 2.250001 0.001418
6.86486e+14 2.250000 0.001422
6.85697e+14 2.250000 0.001372
6.84910e+14 2.250000 0.001286
6.84123e+14 2.250000 0.001224
6.83337e+14 2.250000 0.001265
6.82552e+14 2.250000 0.001230
6.81768e+14 2.250000 0.001302
6.80985e+14 2.250001 0.001408
6.80203e+14 2.250001 0.001611
6.79422e+14 2.250001 0.001819
6.78641e+14 2.250000 0.001840
6.77862e+14 2.250000 0.001619
6.77083e+14 2.250000 0.001284
6.76305e+14 2.250000 0.001083
6.75529e+14 2.250000 0.000960
6.74753e+14 2.250000 0.000853
6.73978e+14 2.250000 0.000822
6.73203e+14 2.250000 0.000801
6.72430e+14 2.250000 0.000769
6.71658e+14 2.250000 0.000780
6.70886e+14 2.250000 0.000721
6.70116e+14 2.250000 0.000672
6.69346e+14 2.250000 0.000649
6.68577e+14 2.250000 0.000655
6.67809e+14 2.250000 0.000652
6.67042e+14 2.250000 0.000631
6.66276e+14 2.250000 0.000608
6.65511e+14 2.250000 0.000603
6.64746e+14 2.250000 0.000590
6.63983e+14 2.250000 0.000591
6.63220e+14 2.250000 0.000615
6.62458e+14 2.250000 0.000611
6.61697e+14 2.250000 0.000608
6.60937e+14 2.250000 0.000610
6.60178e+14 2.250000 0.000605
6.59420e+14 2.250000 0.000607
6.58663e+14 2.250000 0.000620
6.57906e+14 2.250000 0.000626
6.57150e+14 2.250000 0.000626
6.56395e+14 2.250000 0.000644
6.55642e+14 2.250000 0.000649
6.54888e+14 2.250000 0.000660
6.54136e+14 2.250000 0.000665
6.53385e+14 2.250000 0.000667
6.52634e+14 2.250000 0.000689
6.51885e+14 2.250000 0.000722
6.51136e+14 2.250000 0.000707
6.50388e+14 2.250000 0.000729
6.49641e+14 2.250000 0.000745
6.48895e+14 2.250000 0.000771
6.48150e+14 2.250000 0.000786
6.47405e+14 2.250000 0.000761
6.46661e+14 2.250000 0.000776
6.45919e+14 2.250000 0.000780
6.45177e+14 2.250000 0.000767
6.44436e+14 2.250000 0.000759
6.43695e+14 2.250000 0.000771
6.42956e+14 2.250000 0.000790
6.42218e+14 2.250000 0.000783
6.41480e+14 2.250000 0.000777
6.40743e+14 2.250000 0.000759
6.40007e+14 2.250000 0.000763
6.39272e+14 2.250000 0.000784
6.38538e+14 2.250000 0.000800
6.37804e+14 2.250000 0.000813
6.37072e+14 2.250000 0.000847
6.36340e+14 2.250000 0.000876
6.35609e+14 2.250000 0.000876
6.34879e+14 2.250000 0.000897
6.34150e+14 2.250000 0.000883
6.33421e+14 2.250000 0.000868
6.32694e+14 2.250000 0.000854
6.31967e+14 2.250000 0.000834
6.31241e+14 2.250000 0.000819
6.30516e+14 2.250000 0.000800
6.29792e+14 2.250000 0.000778
6.29069e+14 2.250000 0.000771
6.28346e+14 2.250000 0.000759
6.27624e+14 2.250000 0.000748
6.26903e+14 2.250000 0.000761
6.26183e+14 2.250000 0.000763
6.25464e+14 2.250000 0.000734
6.24746e+14 2.250000 0.000730
6.24028e+14 2.250000 0.000741
6.23311e+14 2.250000 0.000725
6.22595e+14 2.250000 0.000718
6.21880e+14 2.250000 0.000708
6.21166e+14 2.250000 0.000725
6.20452e+14 2.250000 0.000742
6.19740e+14 2.250000 0.000727
6.19028e+14 2.250000 0.000739
6.18317e+14 2.250000 0.000741
6.17607e+14 2.250000 0.000733
6.16897e+14 2.250000 0.000741
6.16189e+14 2.250000 0.000747
6.15481e+14 2.250000 0.000736
6.14774e+14 2.250000 0.000740
6.14068e+14 2.250000 0.000735
6.13363e+14 2.250000 0.000743
6.12658e+14 2.250000 0.000733
6.11954e+14 2.250000 0.000740
6.11251e+14 2.250000 0.000733
6.10549e+14 2.250000 0.000753
6.09848e+14 2.250000 0.000769
6.09148e+14 2.250000 0.000762
6.08448e+14 2.250000 0.000767
6.07749e+14 2.250000 0.000777
6.07051e+14 2.250000 0.000803
6.06354e+14 2.250001 0.000818
6.05657e+14 2.250001 0.000824
6.04961e+14 2.250001 0.000845
6.04267e+14 2.250001 0.000871
6.03573e+14 2.250001 0.000878
6.02879e+14 2.250001 0.000906
6.02187e+14 2.250000 0.000941
6.01495e+14 2.250001 0.000957
6.00804e+14 2.250001 0.000942
6.00114e+14 2.250001 0.000938
5.99425e+14 2.250001 0.000954
5.98736e+14 2.250001 0.000975
5.98049e+14 2.250001 0.000990
5.97362e+14 2.250001 0.001012
5.96676e+14 2.250001 0.001016
5.95990e+14 2.250001 0.001044
5.95306e+14 2.250001 0.001071
5.94622e+14 2.250001 0.001091
5.93939e+14 2.250001 0.001115
5.93257e+14 2.250001 0.001131
5.92575e+14 2.250001 0.001150
5.91895e+14 2.250001 0.001193
5.91215e+14 2.250001 0.001217
5.90536e+14 2.250001 0.001235
5.89857e+14 2.250002 0.001273
5.89180e+14 2.250002 0.001317
5.88503e+14 2.250002 0.001363
5.87827e+14 2.250003 0.001436
5.87152e+14 2.250003 0.001496
5.86478e+14 2.250003 0.001560
5.85804e+14 2.250002 0.001662
5.85131e+14 2.250002 0.001793
5.84459e+14 2.250002 0.001963
5.83788e+14 2.250002 0.002173
5.83117e+14 2.250000 0.002404
5.82447e+14 2.249999 0.002713
5.81778e+14 2.249997 0.002987
5.81110e+14 2.249996 0.003170
5.80443e+14 2.249995 0.003300
5.79776e+14 2.249994 0.003395
5.79110e+14 2.249994 0.003494
5.78445e+14 2.249995 0.003600
5.77780e+14 2.249995 0.003744
5.77117e+14 2.249995 0.003881
5.76454e+14 2.249995 0.004044
5.75792e+14 2.249996 0.004242
5.75130e+14 2.249996 0.004453
5.74470e+14 2.249996 0.004680
5.73810e+14 2.249996 0.004956
5.73151e+14 2.249996 0.005272
5.72492e+14 2.249996 0.005619
5.71835e+14 2.249997 0.005970
5.71178e+14 2.249997 0.006273
5.70522e+14 2.249997 0.006588
5.69867e+14 2.249998 0.006869
5.69212e+14 2.249998 0.007151
5.68558e+14 2.249998 0.007424
5.67905e+14 2.249997 0.007718
5.67253e+14 2.249995 0.008027
5.66601e+14 2.249994 0.008371
5.65951e+14 2.249992 0.008802
5.65301e+14 2.249991 0.009312
5.64651e+14 2.249989 0.009908
5.64003e+14 2.249986 0.010670
5.63355e+14 2.249983 0.011558
5.62708e+14 2.249980 0.012634
5.62061e+14 2.249975 0.014159
5.61416e+14 2.249969 0.016018
5.60771e+14 2.249960 0.018183
5.60127e+14 2.249947 0.020934
5.59483e+14 2.249930 0.024319
5.58841e+14 2.249907 0.028468
5.58199e+14 2.249889 0.031402
5.57558e+14 2.249868 0.033716
5.56917e+14 2.249828 0.032940
5.56278e+14 2.249809 0.031992
5.55639e+14 2.249801 0.032252
5.55000e+14 2.249817 0.031990
5.54363e+14 2.249850 0.031944
5.53726e+14 2.249768 0.031889
5.53090e+14 2.249403 0.032460
5.52455e+14 2.245974 0.180392
5.51820e+14 2.243324 0.234354
5.51187e+14 2.233240 0.349388
5.50553e+14 2.223167 0.464289
5.49921e+14 2.214704 0.561323
5.49289e+14 2.224882 0.451502
5.48659e+14 2.235049 0.341807
5.48028e+14 2.242743 0.253660
5.47399e+14 2.244406 0.218023
5.46770e+14 2.246088 0.181903
5.46142e+14 2.249886 0.032069
5.45515e+14 2.249873 0.032677
5.44888e+14 2.249869 0.033174
5.44262e+14 2.249849 0.032351
5.43637e+14 2.249778 0.032127
5.43013e+14 2.249799 0.032815
5.42389e+14 2.249881 0.033272
5.41766e+14 2.249880 0.033254
5.41144e+14 2.249881 0.033025
5.40522e+14 2.249872 0.033418
5.39901e+14 2.249843 0.034351
5.39281e+14 2.249849 0.033631
5.38662e+14 2.249878 0.032901
5.38043e+14 2.241879 0.214265
5.37425e+14 2.234695 0.332044
5.36808e+14 2.227520 0.449672
5.36191e+14 2.234623 0.335091
5.35575e+14 2.241758 0.219985
5.34960e+14 2.249865 0.033894
5.34346e+14 2.249770 0.034634
5.33732e+14 2.249750 0.036655
5.33119e+14 2.249822 0.037893
5.32506e+14 2.249877 0.033422
5.31895e+14 2.249900 0.029738
5.31284e+14 2.249920 0.026896
5.30674e+14 2.249933 0.024518
5.30064e+14 2.249942 0.022632
5.29455e+14 2.249950 0.020958
5.28847e+14 2.249957 0.019219
5.28240e+14 2.249964 0.017759
5.27633e+14 2.249970 0.016443
5.27027e+14 2.249973 0.015336
5.26422e+14 2.249975 0.014229
5.25817e+14 2.249978 0.013143
5.25213e+14 2.249982 0.012108
5.24610e+14 2.249985 0.011162
5.24007e+14 2.249990 0.010307
5.23405e+14 2.249992 0.009638
5.22804e+14 2.249993 0.009096
5.22203e+14 2.249993 0.008615
5.21604e+14 2.249993 0.008249
5.21005e+14 2.249993 0.007954
5.20406e+14 2.249992 0.007716
5.19808e+14 2.249992 0.007484
5.19211e+14 2.249992 0.007299
5.18615e+14 2.249992 0.007135
5.18019e+14 2.249992 0.006999
5.17424e+14 2.249992 0.007001
5.16830e+14 2.249992 0.007049
5.16236e+14 2.249991 0.007085
5.15643e+14 2.249991 0.007039
5.15051e+14 2.249991 0.006986
5.14459e+14 2.249991 0.006885
5.13869e+14 2.249991 0.006720
5.13278e+14 2.249991 0.006524
5.12689e+14 2.249991 0.006363
5.12100e+14 2.249992 0.006231
5.11512e+14 2.249994 0.006120
5.10924e+14 2.249995 0.006035
5.10337e+14 2.249997 0.005937
5.09751e+14 2.249998 0.005848
5.09166e+14 2.250000 0.005740
5.08581e+14 2.250001 0.005675
5.07997e+14 2.250001 0.005645
5.07413e+14 2.250000 0.005673
5.06830e+14 2.250000 0.005748
5.06248e+14 2.250000 0.005864
5.05667e+14 2.249999 0.006001
5.05086e+14 2.249999 0.006105
5.04506e+14 2.249997 0.006201
5.03926e+14 2.249995 0.006338
5.03347e+14 2.249992 0.006466
5.02769e+14 2.249991 0.006610
5.02192e+14 2.249994 0.006742
5.01615e+14 2.249996 0.006787
5.01039e+14 2.249999 0.006740
5.00463e+14 2.249996 0.006707
4.99888e+14 2.249994 0.006657
4.99314e+14 2.249992 0.006576
4.98741e+14 2.249991 0.006510
4.98168e+14 2.249992 0.006489
4.97596e+14 2.249993 0.006537
4.97024e+14 2.249993 0.006597
4.96453e+14 2.249992 0.006641
4.95883e+14 2.249992 0.006576
4.95313e+14 2.249992 0.006370
4.94744e+14 2.249992 0.006102
4.94176e+14 2.249992 0.005831
4.93609e+14 2.249993 0.005578
4.93042e+14 2.249994 0.005341
4.92475e+14 2.249995 0.005104
4.91910e+14 2.249996 0.004881
4.91345e+14 2.249998 0.004683
4.90780e+14 2.249999 0.004496
4.90216e+14 2.250000 0.004351
4.89653e+14 2.250001 0.004215
4.89091e+14 2.250001 0.004092
4.88529e+14 2.250001 0.003965
4.87968e+14 2.250001 0.003827
4.87408e+14 2.250001 0.003669
4.86848e+14 2.250001 0.003515
4.86289e+14 2.250001 0.003381
4.85730e+14 2.250001 0.003271
4.85172e+14 2.250001 0.003159
4.84615e+14 2.250001 0.003050
4.84058e+14 2.250001 0.002962
4.83502e+14 2.250001 0.002879
4.82947e+14 2.250001 0.002797
4.82392e+14 2.250001 0.002733
4.81838e+14 2.250001 0.002680
4.81285e+14 2.250001 0.002640
4.80732e+14 2.250000 0.002607
4.80180e+14 2.250000 0.002590
4.79628e+14 2.250000 0.002535
4.79077e+14 2.250000 0.002409
4.78527e+14 2.250001 0.002279
4.77977e+14 2.250001 0.002234
4.77428e+14 2.250000 0.002250
4.76880e+14 2.250000 0.002310
4.76332e+14 2.250000 0.002357
4.75785e+14 2.250000 0.002343
4.75238e+14 2.250000 0.002265
4.74693e+14 2.250001 0.002139
4.74147e+14 2.250001 0.002029
4.73603e+14 2.250001 0.001939
4.73059e+14 2.250000 0.001864
4.72515e+14 2.250000 0.001816
4.71973e+14 2.250000 0.001777
4.71430e+14 2.250000 0.001744
4.70889e+14 2.250000 0.001719
4.70348e+14 2.250000 0.001693
4.69808e+14 2.250000 0.001668
4.69268e+14 2.250000 0.001642
4.68729e+14 2.250000 0.001617
4.68191e+14 2.250000 0.001608
4.67653e+14 2.250000 0.001605
4.67116e+14 2.250000 0.001606
4.66579e+14 2.250000 0.001606
4.66043e+14 2.250000 0.001602
4.65508e+14 2.250000 0.001559
4.64973e+14 2.250000 0.001467
4.64439e+14 2.250000 0.001386
4.63906e+14 2.250000 0.001337
4.63373e+14 2.250000 0.001310
4.62841e+14 2.250000 0.001300
4.62309e+14 2.250000 0.001303
4.61778e+14 2.250000 0.001299
4.61248e+14 2.250000 0.001285
4.60718e+14 2.250000 0.001291
4.60189e+14 2.250000 0.001295
4.59660e+14 2.250000 0.001298
4.59132e+14 2.250000 0.001318
4.58605e+14 2.250000 0.001333
4.58078e+14 2.250000 0.001349
4.57552e+14 2.250000 0.001382
4.57026e+14 2.250000 0.001424
4.56501e+14 2.250000 0.001472
4.55977e+14 2.250000 0.001536
4.55453e+14 2.250000 0.001587
4.54930e+14 2.250000 0.001593
4.54408e+14 2.250000 0.001557
4.53886e+14 2.250000 0.001516
4.53364e+14 2.250000 0.001489
4.52844e+14 2.250000 0.001468
4.52324e+14 2.250000 0.001454
4.51804e+14 2.250000 0.001445
4.51285e+14 2.250000 0.001428
4.50767e+14 2.250000 0.001417
4.50249e+14 2.250000 0.001408
4.49732e+14 2.250000 0.001417
4.49215e+14 2.250000 0.001437
4.48699e+14 2.250000 0.001456
4.48184e+14 2.250000 0.001496
4.47669e+14 2.250000 0.001561
4.47155e+14 2.250000 0.001641
4.46641e+14 2.250000 0.001776
4.46128e+14 2.250000 0.001879
4.45616e+14 2.250000 0.001925
4.45104e+14 2.250000 0.002038
4.44593e+14 2.250000 0.002209
4.44082e+14 2.250000 0.002269
4.43572e+14 2.250000 0.002355
4.43062e+14 2.250000 0.002464
4.42554e+14 2.250000 0.002534
4.42045e+14 2.250000 0.002653
4.41537e+14 2.250000 0.002761
4.41030e+14 2.250000 0.002822
4.40524e+14 2.250000 0.002840
4.40018e+14 2.250000 0.002885
4.39512e+14 2.250000 0.002894
4.39007e+14 2.250000 0.002869
4.38503e+14 2.250000 0.002851
4.38000e+14 2.250000 0.002751
4.37496e+14 2.250000 0.002633
4.36994e+14 2.250000 0.002511
4.36492e+14 2.250000 0.002407
4.35991e+14 2.250000 0.002295
4.35490e+14 2.250000 0.002200
4.34990e+14 2.250000 0.002131
4.34490e+14 2.250000 0.002063
4.33991e+14 2.250000 0.001997
4.33492e+14 2.250000 0.001932
4.32995e+14 2.250000 0.001875
4.32497e+14 2.250000 0.001816
4.32000e+14 2.250000 0.001762
4.31504e+14 2.250000 0.001735
4.31009e+14 2.250000 0.001720
4.30514e+14 2.250000 0.001705
4.30019e+14 2.250000 0.001694
4.29525e+14 2.250000 0.001683
4.29032e+14 2.250000 0.001675
4.28539e+14 2.250000 0.001646
4.28047e+14 2.250000 0.001606
4.27555e+14 2.250000 0.001539
4.27064e+14 2.250000 0.001462
4.26573e+14 2.250000 0.001419
4.26083e+14 2.250000 0.001393
4.25594e+14 2.250000 0.001370
4.25105e+14 2.250000 0.001348
4.24617e+14 2.250000 0.001345
4.24129e+14 2.250000 0.001358
4.23642e+14 2.250000 0.001375
4.23155e+14 2.250000 0.001393
4.22669e+14 2.250000 0.001405
4.22184e+14 2.250000 0.001399
4.21699e+14 2.250000 0.001334
4.21215e+14 2.250000 0.001246
4.20731e+14 2.250000 0.001177
4.20248e+14 2.250000 0.001150
4.19765e+14 2.250000 0.001149
4.19283e+14 2.250000 0.001150
4.18801e+14 2.250000 0.001163
4.18320e+14 2.250000 0.001172
4.17840e+14 2.250000 0.001167
4.17360e+14 2.250000 0.001144
4.16880e+14 2.250000 0.001127
4.16401e+14 2.250000 0.001113
4.15923e+14 2.250000 0.001111
4.15445e+14 2.250000 0.001118
4.14968e+14 2.250000 0.001116
4.14492e+14 2.250000 0.001118
4.14015e+14 2.250000 0.001127
4.13540e+14 2.250000 0.001145
4.13065e+14 2.250000 0.001158
4.12590e+14 2.250000 0.001165
4.12117e+14 2.250000 0.001178
4.11643e+14 2.250000 0.001185
4.11170e+14 2.250000 0.001185
4.10698e+14 2.250000 0.001184
4.10226e+14 2.250000 0.001182
4.09755e+14 2.250000 0.001183
4.09285e+14 2.250000 0.001184
4.08814e+14 2.250000 0.001180
4.08345e+14 2.250000 0.001182
4.07876e+14 2.250000 0.001197
4.07407e+14 2.250000 0.001217
4.06939e+14 2.250000 0.001244
4.06472e+14 2.250000 0.001273
4.06005e+14 2.250000 0.001305
4.05539e+14 2.250000 0.001332
4.05073e+14 2.250000 0.001347
4.04608e+14 2.250000 0.001346
4.04143e+14 2.250000 0.001329
4.03679e+14 2.250000 0.001298
4.03215e+14 2.250000 0.001255
4.02752e+14 2.250000 0.001207
4.02289e+14 2.250000 0.001162
4.01827e+14 2.250000 0.001118
4.01366e+14 2.250000 0.001085
4.00905e+14 2.250000 0.001055
4.00444e+14 2.250000 0.001025
3.99984e+14 2.250000 0.001002
3.99525e+14 2.250000 0.000993
3.99066e+14 2.250000 0.000987
3.98607e+14 2.250000 0.000976
3.98150e+14 2.250000 0.000971
3.97692e+14 2.250000 0.000985
3.97236e+14 2.250000 0.000991
3.96779e+14 2.250000 0.000989
3.96323e+14 2.250000 0.000992
3.95868e+14 2.250000 0.000992
3.95414e+14 2.250000 0.000994
3.94959e+14 2.250000 0.000999
3.94506e+14 2.250000 0.001006
3.94053e+14 2.250000 0.001019
3.93600e+14 2.250000 0.001032
3.93148e+14 2.250000 0.001036
3.92696e+14 2.250000 0.001046
3.92245e+14 2.250000 0.001053
3.91795e+14 2.250000 0.001061
3.91345e+14 2.250000 0.001081
3.90895e+14 2.250000 0.001103
3.90446e+14 2.250000 0.001121
3.89998e+14 2.250000 0.001141
3.89550e+14 2.250000 0.001155
3.89102e+14 2.250000 0.001173
3.88655e+14 2.250000 0.001196
3.88209e+14 2.250000 0.001215
3.87763e+14 2.250000 0.001237
3.87318e+14 2.250000 0.001272
3.86873e+14 2.250000 0.001315
3.86428e+14 2.250000 0.001350
3.85985e+14 2.250000 0.001376
3.85541e+14 2.250000 0.001411
3.85098e+14 2.250000 0.001459
3.84656e+14 2.250000 0.001513
3.84214e+14 2.250000 0.001571
3.83773e+14 2.250000 0.001631
3.83332e+14 2.250000 0.001694
3.82892e+14 2.250000 0.001762
3.82452e+14 2.250000 0.001838
3.82013e+14 2.250000 0.001924
3.81574e+14 2.250000 0.002024
3.81136e+14 2.250000 0.002139
3.80698e+14 2.250000 0.002242
3.80261e+14 2.250000 0.002302
3.79824e+14 2.250000 0.002267
3.79388e+14 2.250000 0.002089
3.78952e+14 2.250000 0.001824
3.78517e+14 2.250000 0.001589
3.78082e+14 2.250000 0.001421
3.77647e+14 2.250000 0.001299
3.77214e+14 2.250000 0.001222
3.76780e+14 2.250000 0.001167
3.76348e+14 2.250000 0.001120
3.75915e+14 2.250000 0.001090
3.75484e+14 2.250000 0.001074
3.75052e+14 2.250000 0.001057
3.74622e+14 2.250000 0.001034
3.74191e+14 2.250000 0.001018
3.73761e+14 2.250000 0.001012
3.73332e+14 2.250000 0.001009
3.72903e+14 2.250000 0.001007
3.72475e+14 2.250000 0.001002
3.72047e+14 2.250000 0.000999
3.71620e+14 2.250000 0.001012
3.71193e+14 2.250000 0.001025
3.70767e+14 2.250000 0.001035
3.70341e+14 2.250000 0.001052
3.69915e+14 2.250000 0.001064
3.69490e+14 2.250000 0.001079
3.69066e+14 2.250000 0.001088
3.68642e+14 2.250000 0.001090
3.68219e+14 2.250000 0.001098
3.67796e+14 2.250000 0.001106
3.67373e+14 2.250000 0.001108
3.66951e+14 2.250000 0.001105
3.66530e+14 2.250000 0.001100
3.66109e+14 2.250000 0.001110
3.65688e+14 2.250000 0.001123
3.65268e+14 2.250000 0.001114
3.64849e+14 2.250000 0.001111
3.64430e+14 2.250000 0.001118
3.64011e+14 2.250000 0.001128
3.63593e+14 2.250000 0.001150
3.63175e+14 2.250000 0.001169
3.62758e+14 2.250000 0.001186
3.62342e+14 2.250000 0.001207
3.61925e+14 2.250000 0.001221
3.61510e+14 2.250000 0.001241
3.61094e+14 2.250000 0.001271
3.60680e+14 2.250000 0.001294
3.60265e+14 2.250000 0.001325
3.59852e+14 2.250000 0.001379
3.59438e+14 2.250000 0.001443
3.59025e+14 2.250000 0.001499
3.58613e+14 2.250000 0.001562
3.58201e+14 2.250000 0.001647
3.57790e+14 2.250000 0.001719
3.57379e+14 2.250000 0.001761
3.56968e+14 2.250000 0.001762
3.56558e+14 2.250000 0.001696
3.56149e+14 2.250000 0.001588
3.55739e+14 2.250000 0.001443
3.55331e+14 2.250000 0.001290
3.54923e+14 2.250000 0.001186
3.54515e+14 2.250000 0.001124
3.54108e+14 2.250000 0.001080
3.53701e+14 2.250000 0.001046
3.53295e+14 2.250000 0.001021
3.52889e+14 2.250000 0.000998
3.52484e+14 2.250000 0.000990
3.52079e+14 2.250000 0.001011
3.51674e+14 2.250000 0.000999
3.51271e+14 2.250000 0.000953
3.50867e+14 2.250000 0.000927
3.50464e+14 2.250000 0.000918
3.50061e+14 2.250000 0.000907
3.49659e+14 2.250000 0.000897
3.49258e+14 2.250000 0.000881
3.48857e+14 2.250000 0.000866
3.48456e+14 2.250000 0.000869
3.48056e+14 2.250000 0.000884
3.47656e+14 2.250000 0.000909
3.47257e+14 2.250000 0.000924
3.46858e+14 2.250000 0.000909
3.46459e+14 2.250000 0.000895
3.46061e+14 2.250000 0.000899
3.45664e+14 2.250000 0.000903
3.45267e+14 2.250000 0.000906
3.44870e+14 2.250000 0.000928
3.44474e+14 2.250000 0.000956
3.44078e+14 2.250000 0.000995
3.43683e+14 2.250000 0.001061
3.43288e+14 2.250000 0.001111
3.42894e+14 2.250000 0.001138
3.42500e+14 2.250000 0.001149
3.42107e+14 2.250000 0.001142
3.41714e+14 2.250000 0.001122
3.41321e+14 2.250000 0.001107
3.40929e+14 2.250000 0.001092
3.40538e+14 2.250000 0.001070
3.40147e+14 2.250000 0.001054
3.39756e+14 2.250000 0.001056
3.39366e+14 2.250000 0.001055
3.38976e+14 2.250000 0.001036
3.38587e+14 2.250000 0.001031
3.38198e+14 2.250000 0.001042
3.37809e+14 2.250000 0.001054
3.37421e+14 2.250000 0.001056
3.37034e+14 2.250000 0.001030
3.36646e+14 2.250000 0.001000
3.36260e+14 2.250000 0.000987
3.35874e+14 2.250000 0.000985
3.35488e+14 2.250000 0.000987
3.35102e+14 2.250000 0.000987
3.34718e+14 2.250000 0.000993
3.34333e+14 2.250000 0.001012
3.33949e+14 2.250000 0.001046
3.33565e+14 2.250000 0.001064
3.33182e+14 2.250000 0.001065
3.32800e+14 2.250000 0.001041
3.32417e+14 2.250000 0.001012
3.32036e+14 2.250000 0.001014
3.31654e+14 2.250000 0.001026
3.31273e+14 2.250000 0.001035
3.30893e+14 2.250000 0.001042
3.30513e+14 2.250000 0.001040
3.30133e+14 2.250000 0.001060
3.29754e+14 2.250000 0.001097
3.29375e+14 2.250000 0.001112
3.28997e+14 2.250000 0.001099
3.28619e+14 2.250000 0.001087
3.28241e+14 2.250000 0.001091
3.27864e+14 2.250000 0.001105
3.27488e+14 2.250000 0.001116
3.27112e+14 2.250000 0.001126
3.26736e+14 2.250000 0.001158
3.26361e+14 2.250000 0.001160
3.25986e+14 2.250000 0.001128
3.25611e+14 2.250000 0.001110
3.25237e+14 2.250000 0.001117
3.24864e+14 2.250000 0.001141
3.24491e+14 2.250000 0.001157
3.24118e+14 2.250000 0.001162
3.23746e+14 2.250000 0.001201
3.23374e+14 2.250000 0.001246
3.23002e+14 2.250000 0.001236
3.22631e+14 2.250000 0.001186
3.22261e+14 2.250000 0.001153
3.21891e+14 2.250000 0.001147
3.21521e+14 2.250000 0.001175
3.21152e+14 2.250000 0.001203
3.20783e+14 2.250000 0.001225
3.20414e+14 2.250000 0.001271
3.20046e+14 2.250000 0.001279
3.19679e+14 2.250000 0.001251
3.19311e+14 2.250000 0.001221
3.18945e+14 2.250000 0.001183
3.18578e+14 2.250000 0.001172
3.18212e+14 2.250000 0.001183
3.17847e+14 2.250000 0.001206
3.17482e+14 2.250000 0.001251
3.17117e+14 2.250000 0.001308
3.16753e+14 2.250000 0.001288
3.16389e+14 2.250000 0.001249
3.16026e+14 2.250000 0.001231
3.15663e+14 2.250000 0.001249
3.15300e+14 2.250000 0.001268
3.14938e+14 2.250000 0.001290
3.14576e+14 2.250000 0.001315
3.14215e+14 2.250000 0.001311
3.13854e+14 2.250000 0.001284
3.13493e+14 2.250000 0.001291
3.13133e+14 2.250000 0.001316
3.12774e+14 2.250000 0.001326
3.12414e+14 2.250000 0.001332
3.12056e+14 2.250000 0.001372
3.11697e+14 2.250000 0.001457
3.11339e+14 2.250000 0.001548
3.10981e+14 2.250000 0.001545
3.10624e+14 2.250000 0.001563
3.10267e+14 2.250000 0.001624
3.09911e+14 2.250001 0.001660
3.09555e+14 2.250001 0.001670
3.09200e+14 2.250001 0.001704
3.08844e+14 2.250001 0.001746
3.08490e+14 2.250001 0.001811
3.08135e+14 2.250001 0.001867
3.07781e+14 2.250001 0.001854
3.07428e+14 2.250001 0.001826
3.07075e+14 2.250000 0.001822
3.06722e+14 2.250000 0.001835
3.06370e+14 2.250000 0.001845
3.06018e+14 2.250000 0.001851
3.05666e+14 2.250000 0.001838
3.05315e+14 2.250000 0.001815
3.04965e+14 2.250000 0.001824
3.04614e+14 2.250000 0.001855
3.04264e+14 2.250000 0.001869
3.03915e+14 2.250000 0.001864
3.03566e+14 2.250000 0.001864
3.03217e+14 2.250000 0.001876
3.02869e+14 2.250000 0.001891
3.02521e+14 2.250000 0.001899
3.02173e+14 2.250000 0.001908
3.01826e+14 2.250000 0.001927
3.01480e+14 2.250000 0.001945
3.01133e+14 2.250000 0.001951
3.00788e+14 2.250000 0.001960
3.00442e+14 2.250000 0.001991
3.00097e+14 2.250000 0.002037
2.99752e+14 2.250000 0.002080
2.99408e+14 2.250000 0.002104
2.99064e+14 2.250000 0.002114
2.98721e+14 2.250000 0.002117
2.98377e+14 2.250000 0.002108
2.98035e+14 2.250000 0.002100
2.97692e+14 2.250000 0.002111
2.97350e+14 2.250000 0.002140
2.97009e+14 2.250000 0.002166
2.96668e+14 2.250000 0.002148
2.96327e+14 2.250000 0.002104
2.95987e+14 2.250000 0.002093
2.95647e+14 2.250000 0.002118
2.95307e+14 2.250000 0.002139
2.94968e+14 2.250000 0.002145
2.94629e+14 2.250000 0.002167
2.94291e+14 2.250000 0.002207
2.93953e+14 2.250000 0.002317
2.93615e+14 2.250000 0.002454
2.93278e+14 2.250000 0.002427
2.92941e+14 2.250000 0.002375
2.92604e+14 2.250000 0.002355
2.92268e+14 2.250000 0.002371
2.91933e+14 2.250000 0.002413
2.91597e+14 2.250000 0.002464
2.91262e+14 2.250000 0.002540
2.90928e+14 2.250000 0.002662
2.90594e+14 2.250000 0.002787
2.90260e+14 2.250000 0.002879
2.89926e+14 2.250000 0.002905
2.89593e+14 2.250000 0.002856
2.89261e+14 2.250000 0.002843
2.88929e+14 2.250000 0.002897
2.88597e+14 2.250000 0.002938
2.88265e+14 2.250000 0.002964
2.87934e+14 2.250000 0.003016
2.87603e+14 2.250000 0.003098
2.87273e+14 2.250000 0.003184
2.86943e+14 2.250000 0.003270
2.86613e+14 2.250000 0.003395
2.86284e+14 2.250000 0.003490
2.85955e+14 2.250000 0.003565
2.85627e+14 2.250001 0.003646
2.85299e+14 2.250001 0.003700
2.84971e+14 2.250001 0.003772
2.84644e+14 2.250001 0.003919
2.84317e+14 2.250000 0.004145
2.83990e+14 2.249999 0.004415
2.83664e+14 2.249998 0.004642
2.83338e+14 2.249997 0.004731
2.83013e+14 2.249997 0.004861
2.82688e+14 2.249996 0.005088
2.82363e+14 2.249995 0.005401
2.82039e+14 2.249994 0.005731
2.81715e+14 2.249993 0.006089
2.81391e+14 2.249993 0.006448
2.81068e+14 2.249993 0.006863
2.80745e+14 2.249993 0.007409
2.80423e+14 2.249965 0.008071
2.80101e+14 2.249958 0.008814
2.79779e+14 2.249981 0.009719
2.79458e+14 2.249830 0.011020
2.79137e+14 2.249798 0.013022
2.78816e+14 2.249939 0.016278
2.78496e+14 2.249933 0.021487
2.78176e+14 2.249881 0.030029
2.77856e+14 2.249779 0.044786
2.77537e+14 2.249514 0.066020
2.77218e+14 2.249526 0.065020
2.76900e+14 2.249491 0.067642
2.76582e+14 2.249333 0.069170
2.76264e+14 2.249339 0.068726
2.75947e+14 2.249491 0.067721
2.75630e+14 2.249331 0.067662
2.75313e+14 2.249320 0.068935
2.74997e+14 2.249447 0.070414
2.74681e+14 2.249411 0.069484
2.74366e+14 2.249492 0.061890
2.74051e+14 2.249590 0.053514
2.73736e+14 2.249682 0.046243
2.73421e+14 2.249770 0.040382
2.73107e+14 2.249858 0.036020
2.72794e+14 2.249880 0.033042
2.72480e+14 2.249895 0.030964
2.72167e+14 2.249905 0.029526
2.71855e+14 2.249913 0.028306
2.71542e+14 2.249923 0.026980
2.71231e+14 2.249932 0.025632
2.70919e+14 2.249938 0.024207
2.70608e+14 2.249945 0.022515
2.70297e+14 2.249954 0.020429
2.69987e+14 2.249961 0.018321
2.69676e+14 2.249969 0.016037
2.69367e+14 2.249976 0.013659
2.69057e+14 2.249982 0.011494
2.68748e+14 2.249987 0.009720
2.68440e+14 2.249990 0.008349
2.68131e+14 2.249992 0.007235
2.67823e+14 2.249994 0.006503
2.67516e+14 2.249995 0.005990
2.67208e+14 2.249995 0.005559
2.66901e+14 2.249995 0.005197
2.66595e+14 2.249995 0.004914
2.66289e+14 2.249994 0.004697
2.65983e+14 2.249994 0.004530
2.65677e+14 2.249994 0.004406
2.65372e+14 2.249995 0.004303
2.65067e+14 2.249996 0.004224
2.64763e+14 2.249998 0.004167
2.64459e+14 2.249999 0.004119
2.64155e+14 2.250001 0.004058
2.63852e+14 2.250002 0.004029
2.63548e+14 2.250002 0.004048
2.63246e+14 2.250002 0.004084
2.62943e+14 2.250001 0.004116
2.62641e+14 2.250001 0.004142
2.62340e+14 2.250000 0.004171
2.62038e+14 2.250000 0.004239
2.61737e+14 2.249999 0.004384
2.61437e+14 2.249999 0.004653
2.61136e+14 2.249999 0.005076
2.60837e+14 2.249998 0.005681
2.60537e+14 2.249997 0.006615
2.60238e+14 2.249995 0.008086
2.59939e+14 2.249992 0.009842
2.59640e+14 2.249989 0.011394
2.59342e+14 2.249987 0.012265
2.59044e+14 2.249988 0.012325
2.58747e+14 2.249986 0.012491
2.58449e+14 2.249982 0.013204
2.58152e+14 2.249977 0.014121
2.57856e+14 2.249974 0.014856
2.57560e+14 2.249973 0.015038
2.57264e+14 2.249975 0.014477
2.56968e+14 2.249977 0.013614
2.56673e+14 2.249979 0.012721
2.56378e+14 2.249981 0.011946
2.56084e+14 2.249982 0.011377
2.55790e+14 2.249982 0.011045
2.55496e+14 2.249982 0.011017
2.55203e+14 2.249982 0.011149
2.54909e+14 2.249982 0.011289
2.54617e+14 2.249982 0.011296
2.54324e+14 2.249982 0.011045
2.54032e+14 2.249986 0.010504
2.53740e+14 2.249990 0.009901
2.53449e+14 2.249994 0.009307
2.53158e+14 2.249996 0.008772
2.52867e+14 2.249996 0.008322
2.52576e+14 2.249997 0.007955
2.52286e+14 2.249997 0.007513
2.51997e+14 2.249998 0.007007
2.51707e+14 2.249998 0.006483
2.51418e+14 2.249999 0.006008
2.51129e+14 2.249999 0.005680
2.50841e+14 2.249999 0.005463
2.50553e+14 2.249999 0.005348
2.50265e+14 2.249999 0.005325
2.49977e+14 2.249999 0.005375
2.49690e+14 2.249999 0.005478
2.49403e+14 2.249999 0.005620
2.49117e+14 2.249998 0.005811
2.48831e+14 2.249998 0.006060
2.48545e+14 2.249998 0.006373
2.48260e+14 2.249997 0.006707
2.47974e+14 2.249997 0.007037
2.47690e+14 2.249997 0.007377
2.47405e+14 2.249996 0.007745
2.47121e+14 2.249996 0.008123
2.46837e+14 2.249996 0.008448
2.46554e+14 2.249995 0.008708
2.46270e+14 2.249995 0.008894
2.45987e+14 2.249995 0.008998
2.45705e+14 2.249995 0.009030
2.45423e+14 2.249995 0.009030
2.45141e+14 2.249995 0.008995
2.44859e+14 2.249995 0.008920
2.44578e+14 2.249995 0.008756
2.44297e+14 2.249996 0.008502
2.44016e+14 2.249996 0.008197
2.43736e+14 2.249997 0.007865
2.43456e+14 2.249997 0.007539
2.43177e+14 2.249997 0.007256
2.42897e+14 2.249998 0.007008
2.42618e+14 2.249998 0.006791
2.42340e+14 2.249998 0.006599
2.42061e+14 2.249998 0.006426
2.41783e+14 2.249998 0.006269
2.41506e+14 2.249999 0.006129
2.41228e+14 2.249999 0.006008
2.40951e+14 2.249999 0.005907
2.40674e+14 2.249999 0.005817
2.40398e+14 2.249999 0.005735
2.40122e+14 2.249999 0.005660
2.39846e+14 2.249998 0.005590
2.39570e+14 2.249998 0.005533
2.39295e+14 2.249998 0.005481
2.39020e+14 2.249998 0.005426
2.38746e+14 2.249998 0.005353
2.38472e+14 2.249999 0.005250
2.38198e+14 2.249999 0.005145
2.37924e+14 2.249999 0.005049
2.37651e+14 2.249999 0.004974
2.37378e+14 2.249999 0.004906
2.37105e+14 2.249999 0.004834
2.36833e+14 2.249999 0.004753
2.36561e+14 2.249999 0.004662
2.36289e+14 2.249999 0.004573
2.36018e+14 2.249999 0.004494
2.35747e+14 2.249999 0.004425
2.35476e+14 2.249999 0.004361
2.35205e+14 2.249999 0.004300
2.34935e+14 2.249999 0.004238
2.34665e+14 2.249999 0.004175
2.34396e+14 2.249999 0.004112
2.34127e+14 2.249999 0.004049
2.33858e+14 2.249999 0.003993
2.33589e+14 2.249999 0.003945
2.33321e+14 2.249999 0.003911
2.33053e+14 2.249999 0.003878
2.32785e+14 2.249999 0.003844
2.32518e+14 2.249999 0.003810
2.32251e+14 2.249999 0.003775
2.31984e+14 2.249999 0.003733
2.31717e+14 2.249999 0.003690
2.31451e+14 2.250000 0.003655
2.31185e+14 2.250000 0.003631
2.30920e+14 2.250000 0.003608
2.30655e+14 2.250000 0.003586
2.30390e+14 2.250000 0.003565
2.30125e+14 2.250000 0.003546
2.29861e+14 2.250000 0.003530
2.29597e+14 2.250000 0.003519
2.29333e+14 2.250000 0.003509
2.29070e+14 2.250000 0.003488
2.28806e+14 2.250000 0.003463
2.28544e+14 2.250000 0.003436
2.28281e+14 2.250000 0.003416
2.28019e+14 2.250000 0.003395
2.27757e+14 2.250000 0.003374
2.27495e+14 2.250000 0.003354
2.27234e+14 2.250000 0.003341
2.26973e+14 2.250000 0.003322
2.26712e+14 2.250000 0.003292
2.26452e+14 2.250000 0.003269
2.26192e+14 2.250000 0.003263
2.25932e+14 2.250000 0.003261
2.25673e+14 2.250000 0.003246
2.25413e+14 2.250000 0.003212
2.25154e+14 2.250000 0.003180
2.24896e+14 2.250000 0.003158
2.24637e+14 2.250000 0.003153
2.24379e+14 2.250000 0.003154
2.24122e+14 2.250000 0.003158
2.23864e+14 2.250000 0.003158
2.23607e+14 2.250000 0.003148
2.23350e+14 2.250000 0.003138
2.23094e+14 2.250000 0.003128
2.22838e+14 2.250000 0.003143
2.22582e+14 2.250000 0.003177
2.22326e+14 2.250000 0.003233
2.22071e+14 2.250000 0.003334
2.21815e+14 2.250000 0.003420
2.21561e+14 2.250000 0.003458
2.21306e+14 2.250000 0.003379
2.21052e+14 2.250000 0.003272
2.20798e+14 2.250000 0.003187
2.20544e+14 2.250000 0.003143
2.20291e+14 2.250000 0.003116
2.20038e+14 2.250000 0.003092
2.19785e+14 2.250000 0.003069
2.19533e+14 2.250000 0.003047
2.19281e+14 2.250000 0.003026
2.19029e+14 2.250000 0.003011
2.18777e+14 2.250000 0.003011
2.18526e+14 2.250000 0.003029
2.18275e+14 2.250000 0.003045
2.18024e+14 2.250000 0.003053
2.17774e+14 2.250000 0.003043
2.17524e+14 2.250000 0.003036
2.17274e+14 2.250000 0.003035
2.17024e+14 2.250000 0.003048
2.16775e+14 2.250000 0.003055
2.16526e+14 2.250000 0.003057
2.16277e+14 2.250000 0.003064
2.16029e+14 2.250000 0.003065
2.15781e+14 2.250000 0.003059
2.15533e+14 2.250000 0.003035
2.15285e+14 2.250000 0.003014
2.15038e+14 2.250000 0.002999
2.14791e+14 2.250000 0.003001
2.14544e+14 2.250000 0.003008
2.14298e+14 2.250000 0.003016
2.14052e+14 2.250000 0.003023
2.13806e+14 2.250000 0.003016
2.13560e+14 2.250000 0.003002
2.13315e+14 2.250000 0.002982
2.13070e+14 2.250000 0.002974
2.12825e+14 2.250000 0.002964
2.12581e+14 2.250000 0.002945
2.12337e+14 2.250000 0.002898
2.12093e+14 2.250000 0.002851
2.11849e+14 2.250000 0.002812
2.11606e+14 2.250000 0.002784
2.11363e+14 2.250000 0.002759
2.11120e+14 2.250000 0.002737
2.10878e+14 2.250000 0.002716
2.10635e+14 2.250000 0.002705
2.10393e+14 2.250000 0.002706
2.10152e+14 2.250000 0.002729
2.09910e+14 2.250000 0.002751
2.09669e+14 2.250000 0.002767
2.09428e+14 2.250000 0.002777
2.09188e+14 2.250000 0.002787
2.08948e+14 2.250000 0.002797
2.08708e+14 2.250000 0.002809
2.08468e+14 2.250000 0.002824
2.08228e+14 2.250000 0.002843
2.07989e+14 2.250000 0.002871
2.07750e+14 2.250000 0.002908
2.07512e+14 2.250000 0.002961
2.07273e+14 2.250000 0.003012
2.07035e+14 2.250000 0.003065
2.06797e+14 2.250000 0.003125
2.06560e+14 2.250000 0.003218
2.06323e+14 2.250000 0.003330
2.06086e+14 2.250000 0.003472
2.05849e+14 2.250000 0.003617
2.05613e+14 2.250000 0.003759
2.05376e+14 2.250000 0.003879
2.05140e+14 2.250000 0.003984
2.04905e+14 2.249999 0.004080
2.04669e+14 2.249999 0.004172
2.04434e+14 2.249999 0.004260
2.04200e+14 2.249999 0.004345
2.03965e+14 2.249999 0.004422
2.03731e+14 2.249999 0.004488
2.03497e+14 2.249999 0.004535
2.03263e+14 2.249999 0.004530
2.03030e+14 2.249999 0.004497
2.02796e+14 2.250000 0.004415
2.02563e+14 2.250000 0.004288
2.02331e+14 2.250000 0.004143
2.02098e+14 2.250000 0.003989
2.01866e+14 2.250000 0.003859
2.01634e+14 2.250000 0.003748
2.01403e+14 2.250000 0.003688
2.01171e+14 2.250000 0.003657
2.00940e+14 2.250000 0.003656
2.00710e+14 2.250000 0.003667
2.00479e+14 2.250000 0.003669
2.00249e+14 2.250000 0.003651
2.00019e+14 2.250000 0.003606
1.99789e+14 2.250000 0.003547
1.99559e+14 2.250000 0.003468
1.99330e+14 2.250000 0.003383
1.99101e+14 2.250000 0.003295
1.98873e+14 2.250000 0.003249
1.98644e+14 2.250000 0.003241
1.98416e+14 2.250000 0.003287
1.98188e+14 2.250000 0.003357
1.97960e+14 2.250000 0.003400
1.97733e+14 2.250000 0.003323
1.97506e+14 2.250000 0.003196
1.97279e+14 2.250000 0.003038
1.97053e+14 2.250000 0.002938
1.96826e+14 2.250000 0.002856
1.96600e+14 2.250000 0.002800
1.96374e+14 2.250000 0.002760
1.96149e+14 2.250000 0.002725
1.95923e+14 2.250000 0.002692
1.95698e+14 2.250000 0.002666
1.95474e+14 2.250000 0.002644
1.95249e+14 2.250000 0.002634
1.95025e+14 2.250000 0.002624
1.94801e+14 2.250000 0.002612
1.94577e+14 2.250000 0.002596
1.94354e+14 2.250000 0.002578
1.94130e+14 2.250000 0.002557
1.93907e+14 2.250000 0.002534
1.93685e+14 2.250000 0.002510
1.93462e+14 2.250000 0.002496
1.93240e+14 2.250000 0.002484
1.93018e+14 2.250000 0.002474
1.92796e+14 2.250000 0.002460
1.92575e+14 2.250000 0.002442
1.92354e+14 2.250000 0.002432
1.92133e+14 2.250000 0.002423
1.91912e+14 2.250000 0.002415
1.91692e+14 2.250000 0.002408
1.91471e+14 2.250000 0.002403
1.91251e+14 2.250000 0.002406
1.91032e+14 2.250000 0.002405
1.90812e+14 2.250000 0.002398
1.90593e+14 2.250000 0.002377
1.90374e+14 2.250000 0.002351
1.90156e+14 2.250000 0.002330
1.89937e+14 2.250000 0.002313
1.89719e+14 2.250000 0.002301
1.89501e+14 2.250000 0.002292
1.89283e+14 2.250000 0.002285
1.89066e+14 2.250000 0.002274
1.88849e+14 2.250000 0.002260
1.88632e+14 2.250000 0.002244
1.88415e+14 2.250000 0.002227
1.88199e+14 2.250001 0.002210
1.87983e+14 2.250001 0.002207
1.87767e+14 2.250001 0.002212
1.87551e+14 2.250001 0.002231
1.87336e+14 2.250001 0.002243
1.87120e+14 2.250001 0.002252
1.86906e+14 2.250001 0.002235
1.86691e+14 2.250002 0.002217
1.86476e+14 2.250002 0.002194
1.86262e+14 2.250002 0.002172
1.86048e+14 2.250001 0.002149
1.85835e+14 2.250001 0.002142
1.85621e+14 2.250001 0.002138
1.85408e+14 2.250001 0.002143
1.85195e+14 2.250001 0.002142
1.84982e+14 2.250001 0.002136
1.84770e+14 2.250001 0.002134
1.84558e+14 2.250001 0.002134
1.84346e+14 2.250001 0.002145
1.84134e+14 2.250000 0.002158
1.83922e+14 2.250000 0.002172
1.83711e+14 2.250000 0.002176
1.83500e+14 2.250000 0.002175
1.83289e+14 2.250000 0.002161
1.83079e+14 2.250000 0.002149
1.82868e+14 2.250000 0.002155
1.82658e+14 2.250000 0.002169
1.82449e+14 2.250000 0.002191
1.82239e+14 2.250000 0.002205
1.82030e+14 2.250000 0.002215
1.81821e+14 2.250000 0.002214
1.81612e+14 2.250000 0.002209
1.81403e+14 2.250000 0.002197
1.81195e+14 2.250000 0.002182
1.80987e+14 2.250000 0.002163
1.80779e+14 2.250000 0.002150
1.80571e+14 2.250000 0.002138
1.80364e+14 2.250000 0.002138
1.80157e+14 2.250000 0.002138
1.79950e+14 2.250000 0.002140
1.79743e+14 2.250000 0.002145
1.79537e+14 2.250000 0.002151
1.79330e+14 2.250000 0.002158
1.79124e+14 2.250000 0.002167
1.78919e+14 2.250000 0.002162
1.78713e+14 2.250000 0.002159
1.78508e+14 2.250000 0.002160
1.78303e+14 2.250000 0.002163
1.78098e+14 2.250000 0.002169
1.77893e+14 2.250000 0.002178
1.77689e+14 2.250000 0.002190
1.77485e+14 2.250000 0.002209
1.77281e+14 2.250000 0.002228
1.77077e+14 2.250000 0.002239
1.76874e+14 2.250000 0.002247
1.76671e+14 2.250000 0.002247
1.76468e+14 2.250000 0.002246
1.76265e+14 2.250000 0.002245
1.76063e+14 2.250000 0.002253
1.75861e+14 2.250000 0.002265
1.75659e+14 2.250000 0.002282
1.75457e+14 2.250000 0.002298
1.75255e+14 2.250000 0.002309
1.75054e+14 2.250000 0.002319
1.74853e+14 2.250000 0.002330
1.74652e+14 2.250000 0.002340
1.74452e+14 2.250000 0.002351
1.74251e+14 2.250001 0.002356
1.74051e+14 2.250001 0.002360
1.73851e+14 2.250001 0.002360
1.73651e+14 2.250001 0.002362
1.73452e+14 2.250001 0.002372
1.73253e+14 2.250001 0.002385
1.73054e+14 2.250001 0.002406
1.72855e+14 2.250001 0.002426
1.72656e+14 2.250002 0.002446
1.72458e+14 2.250002 0.002471
1.72260e+14 2.250001 0.002501
1.72062e+14 2.249997 0.002545
1.71864e+14 2.249995 0.002593
1.71667e+14 2.249997 0.002636
1.71470e+14 2.250000 0.002678
1.71273e+14 2.250002 0.002705
1.71076e+14 2.250002 0.002726
1.70880e+14 2.250001 0.002728
1.70683e+14 2.249999 0.002723
1.70487e+14 2.249997 0.002710
1.70292e+14 2.249997 0.002702
1.70096e+14 2.249998 0.002699
1.69901e+14 2.250000 0.002708
1.69705e+14 2.250001 0.002723
1.69511e+14 2.250002 0.002748
1.69316e+14 2.250002 0.002776
1.69121e+14 2.250001 0.002809
1.68927e+14 2.250001 0.002844
1.68733e+14 2.250001 0.002900
1.68539e+14 2.250001 0.002957
1.68346e+14 2.250000 0.003023
1.68152e+14 2.250000 0.003087
1.67959e+14 2.250000 0.003151
1.67766e+14 2.250000 0.003211
1.67574e+14 2.250000 0.003266
1.67381e+14 2.250000 0.003284
1.67189e+14 2.250000 0.003275
1.66997e+14 2.250000 0.003223
1.66805e+14 2.250000 0.003152
1.66613e+14 2.250000 0.003079
1.66422e+14 2.250000 0.003006
1.66231e+14 2.250000 0.002936
1.66040e+14 2.250000 0.002866
1.65849e+14 2.250000 0.002779
1.65659e+14 2.250000 0.002697
1.65468e+14 2.250000 0.002646
1.65278e+14 2.250000 0.002604
1.65088e+14 2.250000 0.002596
1.64899e+14 2.250000 0.002587
1.64709e+14 2.250000 0.002577
1.64520e+14 2.250000 0.002568
1.64331e+14 2.250000 0.002563
1.64143e+14 2.250000 0.002561
1.63954e+14 2.250000 0.002563
1.63766e+14 2.250000 0.002561
1.63578e+14 2.250000 0.002558
1.63390e+14 2.250000 0.002555
1.63202e+14 2.250000 0.002553
1.63015e+14 2.250000 0.002547
1.62827e+14 2.250000 0.002539
1.62640e+14 2.250000 0.002534
1.62453e+14 2.250000 0.002531
1.62267e+14 2.250000 0.002537
1.62080e+14 2.250000 0.002547
1.61894e+14 2.250000 0.002557
1.61708e+14 2.250000 0.002568
1.61523e+14 2.250000 0.002575
1.61337e+14 2.250000 0.002582
1.61152e+14 2.250000 0.002596
1.60967e+14 2.250000 0.002610
1.60782e+14 2.250000 0.002618
1.60597e+14 2.250000 0.002627
1.60413e+14 2.250000 0.002621
1.60228e+14 2.250000 0.002616
1.60044e+14 2.250000 0.002608
1.59861e+14 2.250000 0.002600
1.59677e+14 2.250000 0.002599
1.59494e+14 2.250000 0.002599
1.59310e+14 2.250000 0.002614
1.59127e+14 2.250000 0.002630
1.58945e+14 2.250000 0.002648
1.58762e+14 2.250000 0.002666
1.58580e+14 2.250000 0.002670
1.58397e+14 2.250000 0.002673
1.58216e+14 2.250000 0.002668
1.58034e+14 2.250000 0.002663
1.57852e+14 2.250000 0.002661
1.57671e+14 2.250000 0.002660
1.57490e+14 2.250000 0.002671
1.57309e+14 2.250000 0.002681
1.57128e+14 2.250000 0.002688
1.56948e+14 2.250000 0.002694
1.56768e+14 2.250000 0.002700
1.56587e+14 2.250000 0.002706
1.56408e+14 2.250000 0.002717
1.56228e+14 2.250000 0.002728
1.56049e+14 2.250000 0.002741
1.55869e+14 2.250000 0.002753
1.55690e+14 2.250000 0.002766
1.55511e+14 2.250000 0.002779
1.55333e+14 2.250000 0.002783
1.55154e+14 2.250000 0.002787
1.54976e+14 2.250000 0.002781
1.54798e+14 2.250000 0.002774
1.54620e+14 2.250000 0.002789
1.54443e+14 2.250000 0.002806
1.54265e+14 2.250000 0.002851
1.54088e+14 2.250000 0.002902
1.53911e+14 2.250000 0.002960
1.53734e+14 2.250000 0.003020
1.53558e+14 2.250000 0.003053
1.53381e+14 2.250000 0.003079
1.53205e+14 2.250000 0.003102
1.53029e+14 2.250000 0.003124
1.52853e+14 2.250000 0.003173
1.52678e+14 2.250000 0.003238
1.52503e+14 2.250000 0.003299
1.52327e+14 2.250000 0.003357
1.52152e+14 2.250000 0.003402
1.51978e+14 2.250000 0.003435
1.51803e+14 2.250000 0.003475
1.51629e+14 2.250000 0.003527
1.51455e+14 2.250000 0.003582
1.51281e+14 2.249999 0.003645
1.51107e+14 2.249999 0.003698
1.50933e+14 2.249999 0.003723
1.50760e+14 2.249999 0.003746
1.50587e+14 2.249999 0.003751
1.50414e+14 2.249999 0.003757
1.50241e+14 2.249999 0.003778
1.50068e+14 2.249999 0.003798
1.49896e+14 2.249999 0.003814
1.49724e+14 2.249999 0.003830
1.49552e+14 2.249999 0.003854
1.49380e+14 2.249999 0.003879
1.49209e+14 2.249999 0.003918
1.49037e+14 2.249999 0.003963
1.48866e+14 2.249999 0.004006
1.48695e+14 2.249999 0.004047
1.48524e+14 2.249999 0.004078
1.48354e+14 2.249999 0.004098
1.48183e+14 2.249999 0.004124
1.48013e+14 2.249999 0.004162
1.47843e+14 2.249999 0.004207
1.47673e+14 2.249999 0.004284
1.47504e+14 2.249999 0.004361
1.47334e+14 2.249999 0.004445
1.47165e+14 2.249999 0.004530
1.46996e+14 2.249999 0.004602
1.46827e+14 2.249999 0.004674
1.46658e+14 2.249999 0.004756
1.46490e+14 2.249999 0.004842
1.46322e+14 2.249999 0.004932
1.46154e+14 2.249999 0.005026
1.45986e+14 2.249999 0.005121
1.45818e+14 2.249998 0.005218
1.45651e+14 2.249998 0.005318
1.45483e+14 2.249998 0.005421
1.45316e+14 2.249998 0.005523
1.45149e+14 2.249998 0.005611
1.44983e+14 2.249998 0.005700
1.44816e+14 2.249998 0.005765
1.44650e+14 2.249998 0.005828
1.44484e+14 2.249998 0.005892
1.44318e+14 2.249998 0.005957
1.44152e+14 2.249998 0.006021
1.43986e+14 2.249998 0.006085
1.43821e+14 2.249998 0.006148
1.43656e+14 2.249998 0.006209
1.43491e+14 2.249998 0.006272
1.43326e+14 2.249998 0.006353
1.43161e+14 2.249998 0.006434
1.42997e+14 2.249997 0.006556
1.42832e+14 2.249996 0.006681
1.42668e+14 2.249995 0.006832
1.42505e+14 2.249995 0.006994
1.42341e+14 2.249994 0.007177
1.42177e+14 2.249993 0.007380
1.42014e+14 2.249992 0.007596
1.41851e+14 2.249991 0.007840
1.41688e+14 2.249989 0.008087
1.41525e+14 2.249988 0.008343
1.41363e+14 2.249987 0.008602
1.41200e+14 2.249986 0.008882
1.41038e+14 2.249985 0.009169
1.40876e+14 2.249984 0.009524
1.40714e+14 2.249982 0.009930
1.40553e+14 2.249982 0.010376
1.40391e+14 2.249981 0.010899
1.40230e+14 2.249980 0.011438
1.40069e+14 2.249979 0.012086
1.39908e+14 2.249978 0.012748
1.39747e+14 2.249977 0.013582
1.39587e+14 2.249976 0.014476
1.39427e+14 2.249974 0.015605
1.39266e+14 2.249948 0.016951
1.39106e+14 2.249929 0.018566
1.38947e+14 2.249913 0.020825
1.38787e+14 2.249904 0.023273
1.38628e+14 2.249890 0.027529
1.38468e+14 2.249874 0.032434
1.38309e+14 2.249476 0.039522
1.38150e+14 2.248962 0.049269
1.37992e+14 2.248635 0.061074
1.37833e+14 2.248471 0.075373
1.37675e+14 2.248347 0.096738
1.37517e+14 2.248735 0.102510
1.37359e+14 2.248327 0.109468
1.37201e+14 2.248280 0.100791
1.37044e+14 2.248382 0.092141
1.36886e+14 2.248570 0.086912
1.36729e+14 2.248881 0.083602
1.36572e+14 2.249213 0.082143
1.36415e+14 2.248927 0.086019
1.36258e+14 2.248714 0.090398
1.36102e+14 2.248507 0.098292
1.35945e+14 2.248304 0.108998
1.35789e+14 2.248177 0.119048
1.35633e+14 2.248136 0.128263
1.35478e+14 2.247766 0.131568
1.35322e+14 2.247945 0.116562
1.35166e+14 2.248098 0.106358
1.35011e+14 2.248541 0.087312
1.34856e+14 2.248932 0.074877
1.34701e+14 2.249402 0.063751
1.34547e+14 2.249668 0.054358
