150
1.07111E+17	7.34036E-01	2.45034E-01
1.06349E+17	7.35004E-01	2.50011E-01
1.05592E+17	7.35060E-01	2.55025E-01
1.04828E+17	7.34928E-01	2.60016E-01
1.04069E+17	7.36037E-01	2.63974E-01
1.03310E+17	7.36052E-01	2.69007E-01
1.02551E+17	7.36956E-01	2.74028E-01
1.01791E+17	7.36959E-01	2.77995E-01
1.01033E+17	7.38014E-01	2.83066E-01
1.00274E+17	7.38904E-01	2.87033E-01
9.95114E+16	7.39962E-01	2.91040E-01
9.87549E+16	7.41013E-01	2.95056E-01
9.79946E+16	7.40970E-01	2.99052E-01
9.72308E+16	7.42006E-01	3.03083E-01
9.64738E+16	7.43070E-01	3.06946E-01
9.57140E+16	7.43002E-01	3.10042E-01
9.49565E+16	7.44018E-01	3.14093E-01
9.41967E+16	7.43973E-01	3.17020E-01
9.34351E+16	7.43924E-01	3.19948E-01
9.26766E+16	7.44009E-01	3.23092E-01
9.19168E+16	7.43941E-01	3.26943E-01
9.11562E+16	7.44014E-01	3.30092E-01
9.03950E+16	7.43022E-01	3.33018E-01
8.96379E+16	7.42025E-01	3.35942E-01
8.88766E+16	7.40967E-01	3.39961E-01
8.81158E+16	7.38997E-01	3.43041E-01
8.73598E+16	7.37000E-01	3.47035E-01
8.65967E+16	7.34992E-01	3.51024E-01
8.58390E+16	7.32973E-01	3.55007E-01
8.50791E+16	7.30024E-01	3.58955E-01
8.43212E+16	7.26991E-01	3.63987E-01
8.35582E+16	7.23942E-01	3.69007E-01
8.28015E+16	7.20093E-01	3.74936E-01
8.20406E+16	7.16920E-01	3.81020E-01
8.12795E+16	7.12931E-01	3.88006E-01
8.05220E+16	7.09082E-01	3.95016E-01
7.97617E+16	7.04921E-01	4.03053E-01
7.90023E+16	7.01000E-01	4.12079E-01
7.82410E+16	6.96953E-01	4.22007E-01
7.74815E+16	6.93930E-01	4.32042E-01
7.67240E+16	6.91026E-01	4.44018E-01
7.59629E+16	6.88030E-01	4.56002E-01
7.52047E+16	6.85944E-01	4.69067E-01
7.44438E+16	6.85042E-01	4.82952E-01
7.36838E+16	6.84046E-01	4.98054E-01
7.29250E+16	6.85035E-01	5.13923E-01
7.21650E+16	6.88037E-01	5.30026E-01
7.14045E+16	6.92028E-01	5.46037E-01
7.06466E+16	6.97079E-01	5.62989E-01
6.98865E+16	7.04979E-01	5.79933E-01
6.91274E+16	7.14061E-01	5.96065E-01
6.83671E+16	7.25986E-01	6.10921E-01
6.76065E+16	7.38960E-01	6.25043E-01
6.68483E+16	7.53935E-01	6.37052E-01
6.60884E+16	7.69972E-01	6.46092E-01
6.53274E+16	7.88121E-01	6.53955E-01
6.45683E+16	8.04993E-01	6.58066E-01
6.38093E+16	8.22953E-01	6.60083E-01
6.30490E+16	8.39060E-01	6.58935E-01
6.22901E+16	8.55070E-01	6.55005E-01
6.15311E+16	8.68034E-01	6.49050E-01
6.07708E+16	8.79933E-01	6.40897E-01
6.00118E+16	8.87953E-01	6.30983E-01
5.92511E+16	8.94050E-01	6.19997E-01
5.84912E+16	8.96037E-01	6.07961E-01
5.77329E+16	8.94936E-01	5.95897E-01
5.69733E+16	8.91078E-01	5.85013E-01
5.62133E+16	8.83976E-01	5.74948E-01
5.54537E+16	8.74021E-01	5.66022E-01
5.46937E+16	8.60940E-01	5.57915E-01
5.39342E+16	8.44943E-01	5.52955E-01
5.31744E+16	8.26080E-01	5.51048E-01
5.24154E+16	8.02951E-01	5.52045E-01
5.16550E+16	7.78910E-01	5.57030E-01
5.08957E+16	7.50979E-01	5.68990E-01
5.01358E+16	7.22057E-01	5.88071E-01
4.93762E+16	6.93972E-01	6.18017E-01
4.86166E+16	6.69935E-01	6.60919E-01
4.78570E+16	6.59087E-01	7.17979E-01
4.70972E+16	6.74924E-01	7.83976E-01
4.63372E+16	7.26949E-01	8.38983E-01
4.55781E+16	8.02996E-01	8.54072E-01
4.48179E+16	8.65022E-01	8.20974E-01
4.40589E+16	8.89029E-01	7.64040E-01
4.32993E+16	8.78994E-01	7.11103E-01
4.25396E+16	8.46881E-01	6.73063E-01
4.17800E+16	8.03091E-01	6.50043E-01
4.10203E+16	7.53910E-01	6.40008E-01
4.02610E+16	7.01954E-01	6.41027E-01
3.95011E+16	6.46887E-01	6.53056E-01
3.87415E+16	5.88973E-01	6.73959E-01
3.79814E+16	5.27940E-01	7.06020E-01
3.72219E+16	4.62983E-01	7.50884E-01
3.64625E+16	3.96003E-01	8.12912E-01
3.57029E+16	3.29076E-01	9.00020E-01
3.49433E+16	2.69981E-01	1.01908E+00
3.41836E+16	2.38131E-01	1.17898E+00
3.34242E+16	2.71871E-01	1.37598E+00
3.26643E+16	4.12991E-01	1.55891E+00
3.19047E+16	6.37008E-01	1.63287E+00
3.11450E+16	8.30921E-01	1.56399E+00
3.03854E+16	9.15008E-01	1.43187E+00
2.96255E+16	9.05994E-01	1.32001E+00
2.88660E+16	8.49908E-01	1.25201E+00
2.81067E+16	7.74883E-01	1.22697E+00
2.73469E+16	6.97057E-01	1.23597E+00
2.65872E+16	6.19945E-01	1.27197E+00
2.58275E+16	5.47984E-01	1.33213E+00
2.50679E+16	4.82969E-01	1.41409E+00
2.43083E+16	4.29904E-01	1.51592E+00
2.35486E+16	3.91988E-01	1.63892E+00
2.27890E+16	3.78132E-01	1.78001E+00
2.20295E+16	3.93975E-01	1.93201E+00
2.12698E+16	4.49057E-01	2.08411E+00
2.05101E+16	5.41959E-01	2.21883E+00
1.97506E+16	6.64001E-01	2.31694E+00
1.89909E+16	7.93103E-01	2.36610E+00
1.82312E+16	9.04984E-01	2.36804E+00
1.74716E+16	9.80087E-01	2.33889E+00
1.67119E+16	1.01202E+00	2.29791E+00
1.59523E+16	1.00198E+00	2.25897E+00
1.51927E+16	9.56088E-01	2.23191E+00
1.44330E+16	8.77867E-01	2.22099E+00
1.36734E+16	7.68975E-01	2.22700E+00
1.29138E+16	6.27002E-01	2.24993E+00
1.21542E+16	4.41057E-01	2.28891E+00
1.13945E+16	1.92988E-01	2.34702E+00
1.06349E+16	-1.53007E-01	2.43501E+00
9.87523E+15	-6.65919E-01	2.58885E+00
9.11562E+15	-1.49694E+00	2.93886E+00
8.35596E+15	-2.93715E+00	4.17483E+00
7.59635E+15	-1.59894E+00	9.24878E+00
7.21653E+15	2.47433E+00	7.80294E+00
6.83671E+15	2.50687E+00	4.95701E+00
6.45688E+15	1.38693E+00	3.65777E+00
6.07708E+15	2.41946E-01	3.07417E+00
5.69724E+15	-8.92995E-01	2.77280E+00
5.31743E+15	-2.10396E+00	2.59790E+00
4.93762E+15	-3.48788E+00	2.48909E+00
4.55780E+15	-5.15778E+00	2.42206E+00
4.17798E+15	-7.25287E+00	2.39017E+00
3.79817E+15	-9.97981E+00	2.39885E+00
3.41835E+15	-1.36498E+01	2.46682E+00
3.03853E+15	-1.87762E+01	2.62881E+00
2.65872E+15	-2.62564E+01	2.95923E+00
2.27890E+15	-3.77866E+01	3.61738E+00
1.89908E+15	-5.69084E+01	4.98970E+00
1.51927E+15	-9.20562E+01	8.16340E+00
1.13945E+15	-1.67668E+02	1.70702E+01
7.59634E+14	-3.81045E+02	5.29961E+01