8.9760E+15	3.3499	-0.1904
8.5680E+15	3.3000	-0.1417
8.1955E+15	3.2573	-0.0939
7.8540E+15	3.2145	-0.0681
7.5398E+15	3.2003	-0.0572
7.2498E+15	3.1647	-0.0356
6.9813E+15	3.1542	-0.0142
6.7320E+15	3.1400	-0.0035
6.4998E+15	3.1223	0.0035
6.2832E+15	3.1046	0.0247
6.0805E+15	3.1045	0.0352
5.8905E+15	3.1045	0.0423
5.7120E+15	3.1010	0.0458
5.5440E+15	3.0974	0.0493
5.3856E+15	3.0903	0.0527
5.2360E+15	3.0868	0.0597
5.0945E+15	3.0867	0.0633
4.9604E+15	3.0867	0.0633
4.8332E+15	3.0867	0.0668
4.7124E+15	3.0832	0.0667
4.5975E+15	3.0797	0.0667
4.4880E+15	3.0762	0.0667
4.3836E+15	3.0761	0.0702
4.2840E+15	3.0761	0.0737
4.1888E+15	3.0761	0.0737
4.0977E+15	3.0761	0.0737
4.0105E+15	3.0761	0.0737
3.9270E+15	3.0761	0.0737
3.8468E+15	3.0761	0.0737
3.7699E+15	3.0761	0.0737
3.6960E+15	3.0726	0.0736
3.6249E+15	3.0726	0.0736
3.5565E+15	3.0726	0.0701
3.4907E+15	3.0726	0.0736
3.4272E+15	3.0726	0.0736
3.3660E+15	3.0691	0.0701
3.3069E+15	3.0691	0.0736
3.2499E+15	3.0691	0.0701
3.1948E+15	3.0691	0.0701
3.1416E+15	3.0691	0.0701
3.0901E+15	3.0656	0.0700
3.0403E+15	3.0656	0.0735
2.9920E+15	3.0656	0.0700
2.9452E+15	3.0656	0.0700
2.8999E+15	3.0656	0.0700
2.8560E+15	3.0656	0.0700
2.8134E+15	3.0656	0.0700
2.7720E+15	3.0656	0.0700
2.7318E+15	3.0656	0.0735
2.6928E+15	3.0656	0.0700
2.6549E+15	3.0656	0.0700
2.6180E+15	3.0656	0.0700
2.5821E+15	3.0621	0.0700
2.5472E+15	3.0621	0.0700
2.5133E+15	3.0621	0.0700
2.4802E+15	3.0621	0.0700
2.4480E+15	3.0621	0.0700
2.4166E+15	3.0621	0.0700
2.3860E+15	3.0621	0.0700
2.3562E+15	3.0621	0.0700
2.3271E+15	3.0621	0.0700
2.2987E+15	3.0621	0.0700
2.2710E+15	3.0621	0.0700
2.2440E+15	3.0621	0.0700
2.2176E+15	3.0621	0.0700
2.1918E+15	3.0621	0.0700
2.1666E+15	3.0621	0.0700
2.1420E+15	3.0621	0.0700
2.1179E+15	3.0621	0.0700
2.0944E+15	3.0621	0.0700
2.0714E+15	3.0621	0.0700
2.0489E+15	3.0621	0.0700
2.0268E+15	3.0621	0.0700
2.0053E+15	3.0621	0.0700
1.9842E+15	3.0621	0.0700
1.9635E+15	3.0621	0.0700
1.9433E+15	3.0621	0.0700
1.9234E+15	3.0621	0.0700
1.9040E+15	3.0586	0.0700
1.8850E+15	3.0586	0.0700
1.8663E+15	3.0586	0.0700
1.8480E+15	3.0586	0.0700
1.8301E+15	3.0586	0.0700
1.8125E+15	3.0586	0.0700
1.7952E+15	3.0586	0.0700
1.7783E+15	3.0586	0.0700
1.7616E+15	3.0586	0.0700
1.7453E+15	3.0586	0.0700
1.7293E+15	3.0586	0.0700
1.7136E+15	3.0586	0.0700
1.6982E+15	3.0586	0.0700
1.6830E+15	3.0586	0.0700
1.6681E+15	3.0586	0.0700
1.6535E+15	3.0586	0.0700
1.6391E+15	3.0586	0.0700
1.6250E+15	3.0586	0.0700
1.6111E+15	3.0586	0.0700
1.5974E+15	3.0586	0.0700
1.5840E+15	3.0586	0.0700
1.5708E+15	3.0586	0.0735
1.5578E+15	3.0586	0.0735
1.5450E+15	3.0586	0.0700
1.5325E+15	3.0586	0.0735
1.5201E+15	3.0586	0.0700
1.5080E+15	3.0586	0.0700
1.4960E+15	3.0586	0.0700
1.4842E+15	3.0586	0.0665
1.4726E+15	3.0586	0.0665
1.4612E+15	3.0586	0.0665
1.4500E+15	3.0586	0.0665
1.4389E+15	3.0551	0.0664
1.4280E+15	3.0551	0.0664
1.4173E+15	3.0551	0.0664
1.4067E+15	3.0551	0.0664
1.3963E+15	3.0551	0.0664
1.3860E+15	3.0551	0.0699
1.3759E+15	3.0551	0.0664
1.3659E+15	3.0551	0.0699
1.3561E+15	3.0586	0.0700
1.3464E+15	3.0551	0.0699
1.3368E+15	3.0551	0.0699
1.3274E+15	3.0551	0.0664
1.3182E+15	3.0551	0.0664
1.3090E+15	3.0551	0.0664
1.3000E+15	3.0551	0.0699
1.2911E+15	3.0551	0.0664
1.2823E+15	3.0551	0.0664
1.2736E+15	3.0552	0.0629
1.2651E+15	3.0516	0.0664
1.2566E+15	3.0516	0.0664
1.2483E+15	3.0517	0.0629
1.2401E+15	3.0517	0.0629
1.2320E+15	3.0482	0.0629
1.2240E+15	3.0482	0.0663
1.2161E+15	3.0517	0.0629
1.2083E+15	3.0482	0.0629
1.2006E+15	3.0482	0.0629
1.1930E+15	3.0447	0.0628
1.1855E+15	3.0448	0.0558
1.1781E+15	3.0447	0.0628
1.1708E+15	3.0447	0.0628
1.1636E+15	3.0447	0.0628
1.1564E+15	3.0412	0.0628
1.1494E+15	3.0412	0.0628
1.1424E+15	3.0412	0.0663
1.1355E+15	3.0412	0.0663
1.1287E+15	3.0412	0.0663
1.1220E+15	3.0412	0.0663
1.1154E+15	3.0412	0.0663
1.1088E+15	3.0412	0.0663
1.1023E+15	3.0412	0.0663
1.0959E+15	3.0412	0.0663
1.0896E+15	3.0412	0.0663
1.0833E+15	3.0377	0.0627
1.0771E+15	3.0377	0.0662
1.0710E+15	3.0377	0.0662
1.0649E+15	3.0412	0.0628
1.0590E+15	3.0412	0.0628
1.0530E+15	3.0378	0.0593
1.0472E+15	3.0378	0.0593
1.0414E+15	3.0343	0.0592
1.0357E+15	3.0342	0.0627
1.0300E+15	3.0343	0.0592
1.0244E+15	3.0308	0.0592
1.0189E+15	3.0273	0.0592
1.0134E+15	3.0238	0.0626
1.0080E+15	3.0238	0.0661
1.0026E+15	3.0272	0.0696
9.9733E+14	3.0307	0.0696
9.9208E+14	3.0307	0.0696
9.8689E+14	3.0307	0.0662
9.8175E+14	3.0307	0.0662
9.7666E+14	3.0307	0.0662
9.7163E+14	3.0307	0.0662
9.6664E+14	3.0307	0.0662
9.6171E+14	3.0307	0.0662
9.5683E+14	3.0273	0.0626
9.5200E+14	3.0273	0.0626
9.4721E+14	3.0238	0.0626
9.4248E+14	3.0238	0.0626
9.3779E+14	3.0238	0.0626
9.3315E+14	3.0203	0.0626
9.2855E+14	3.0203	0.0626
9.2400E+14	3.0168	0.0625
9.1949E+14	3.0168	0.0660
9.1503E+14	3.0168	0.0660
9.1061E+14	3.0168	0.0660
9.0623E+14	3.0168	0.0660
9.0189E+14	3.0168	0.0660
8.9760E+14	3.0168	0.0625
8.9334E+14	3.0134	0.0625
8.8913E+14	3.0134	0.0625
8.8496E+14	3.0133	0.0660
8.8082E+14	3.0099	0.0659
8.7672E+14	3.0099	0.0659
8.7266E+14	3.0099	0.0659
8.6864E+14	3.0098	0.0694
8.6466E+14	3.0099	0.0659
8.6071E+14	3.0099	0.0659
8.5680E+14	3.0064	0.0659
8.5292E+14	3.0064	0.0694
8.4908E+14	3.0064	0.0694
8.4527E+14	3.0063	0.0728
8.4150E+14	3.0064	0.0694
8.3776E+14	3.0064	0.0694
8.3405E+14	3.0063	0.0728
8.3038E+14	3.0064	0.0694
8.2673E+14	3.0064	0.0694
8.2312E+14	3.0064	0.0694
8.1955E+14	3.0064	0.0694
8.1600E+14	3.0029	0.0693
8.1248E+14	3.0029	0.0693
8.0899E+14	3.0029	0.0693
8.0554E+14	3.0029	0.0693
8.0211E+14	3.0029	0.0693
7.9871E+14	3.0029	0.0693
7.9534E+14	2.9994	0.0693
7.9200E+14	2.9994	0.0727
7.8868E+14	2.9994	0.0693
7.8540E+14	2.9994	0.0727
7.8214E+14	2.9994	0.0693
7.7891E+14	2.9994	0.0693
7.7570E+14	2.9994	0.0693
7.7252E+14	2.9995	0.0658
7.6937E+14	2.9994	0.0693
7.6624E+14	2.9995	0.0658
7.6314E+14	2.9960	0.0658
7.6006E+14	2.9960	0.0658
7.5701E+14	2.9926	0.0623
7.5398E+14	2.9891	0.0622
7.5209E+14	2.9891	0.0657
7.5020E+14	2.9891	0.0657
7.4832E+14	2.9891	0.0657
7.4643E+14	2.9856	0.0657
7.4457E+14	2.9857	0.0622
7.4266E+14	2.9856	0.0657
7.4080E+14	2.9856	0.0657
7.3891E+14	2.9856	0.0657
7.3703E+14	2.9822	0.0656
7.3513E+14	2.9822	0.0656
7.3325E+14	2.9822	0.0656
7.3137E+14	2.9822	0.0656
7.2947E+14	2.9821	0.0691
7.2759E+14	2.9787	0.0656
7.2571E+14	2.9787	0.0656
7.2381E+14	2.9787	0.0656
7.2193E+14	2.9787	0.0690
7.2005E+14	2.9787	0.0690
7.1816E+14	2.9787	0.0690
7.1628E+14	2.9752	0.0690
7.1440E+14	2.9752	0.0690
7.1251E+14	2.9752	0.0690
7.1063E+14	2.9752	0.0690
7.0874E+14	2.9752	0.0690
7.0685E+14	2.9718	0.0690
7.0497E+14	2.9718	0.0690
7.0308E+14	2.9752	0.0690
7.0120E+14	2.9752	0.0690
6.9932E+14	2.9718	0.0690
6.9743E+14	2.9718	0.0655
6.9556E+14	2.9684	0.0655
6.9366E+14	2.9684	0.0655
6.9178E+14	2.9649	0.0689
6.8990E+14	2.9648	0.0723
6.8802E+14	2.9648	0.0723
6.8611E+14	2.9683	0.0724
6.8424E+14	2.9683	0.0724
6.8236E+14	2.9683	0.0724
6.8046E+14	2.9683	0.0724
6.7858E+14	2.9648	0.0723
6.7670E+14	2.9648	0.0723
6.7481E+14	2.9649	0.0689
6.7293E+14	2.9649	0.0689
6.7104E+14	2.9648	0.0723
6.6916E+14	2.9648	0.0723
6.6726E+14	2.9614	0.0723
6.6538E+14	2.9614	0.0723
6.6351E+14	2.9614	0.0688
6.6162E+14	2.9614	0.0688
6.5974E+14	2.9580	0.0722
6.5786E+14	2.9580	0.0722
6.5596E+14	2.9580	0.0688
6.5409E+14	2.9580	0.0688
6.5219E+14	2.9580	0.0688
6.5030E+14	2.9580	0.0688
6.4842E+14	2.9546	0.0688
6.4653E+14	2.9546	0.0688
6.4465E+14	2.9546	0.0688
6.4276E+14	2.9511	0.0687
6.4088E+14	2.9511	0.0687
6.3899E+14	2.9511	0.0722
6.3711E+14	2.9511	0.0722
6.3522E+14	2.9476	0.0721
6.3334E+14	2.9511	0.0687
6.3145E+14	2.9511	0.0687
6.2958E+14	2.9477	0.0687
6.2769E+14	2.9476	0.0721
6.2582E+14	2.9477	0.0687
6.2393E+14	2.9477	0.0687
6.2204E+14	2.9443	0.0652
6.2015E+14	2.9443	0.0652
6.1826E+14	2.9408	0.0686
6.1638E+14	2.9408	0.0686
6.1449E+14	2.9409	0.0652
6.1262E+14	2.9374	0.0651
6.1073E+14	2.9374	0.0651
6.0884E+14	2.9340	0.0685
6.0695E+14	2.9340	0.0651
6.0506E+14	2.9306	0.0651
6.0319E+14	2.9306	0.0651
6.0130E+14	2.9305	0.0685
5.9941E+14	2.9305	0.0685
5.9753E+14	2.9305	0.0685
5.9564E+14	2.9272	0.0650
5.9376E+14	2.9272	0.0650
5.9188E+14	2.9237	0.0650
5.8999E+14	2.9203	0.0684
5.8811E+14	2.9202	0.0718
5.8623E+14	2.9203	0.0684
5.8434E+14	2.9203	0.0684
5.8246E+14	2.9169	0.0683
5.8056E+14	2.9169	0.0683
5.7869E+14	2.9134	0.0717
5.7679E+14	2.9134	0.0683
5.7491E+14	2.9134	0.0683
5.7302E+14	2.9100	0.0682
5.7115E+14	2.9100	0.0682
5.6925E+14	2.9100	0.0717
5.6736E+14	2.9066	0.0716
5.6549E+14	2.9066	0.0716
5.6360E+14	2.9066	0.0682
5.6172E+14	2.9032	0.0682
5.5983E+14	2.9032	0.0716
5.5794E+14	2.8998	0.0715
5.5607E+14	2.8964	0.0715
5.5417E+14	2.8964	0.0715
5.5229E+14	2.8964	0.0715
5.5040E+14	2.8929	0.0748
5.4853E+14	2.8929	0.0782
5.4663E+14	2.8929	0.0782
5.4475E+14	2.8929	0.0748
5.4287E+14	2.8929	0.0748
5.4099E+14	2.8929	0.0748
5.3910E+14	2.8895	0.0748
5.3721E+14	2.8895	0.0748
5.3533E+14	2.8895	0.0748
5.3344E+14	2.8862	0.0714
5.3156E+14	2.8862	0.0714
5.2968E+14	2.8862	0.0714
5.2779E+14	2.8828	0.0713
5.2591E+14	2.8828	0.0713
5.2402E+14	2.8794	0.0679
5.2213E+14	2.8794	0.0679
5.2025E+14	2.8760	0.0678
5.1836E+14	2.8726	0.0678
5.1648E+14	2.8692	0.0678
5.1459E+14	2.8693	0.0644
5.1270E+14	2.8659	0.0643
5.1083E+14	2.8625	0.0643
5.0894E+14	2.8625	0.0677
5.0705E+14	2.8591	0.0676
5.0517E+14	2.8557	0.0676
5.0329E+14	2.8557	0.0642
5.0140E+14	2.8524	0.0642
4.9951E+14	2.8489	0.0709
4.9763E+14	2.8455	0.0709
4.9574E+14	2.8456	0.0675
4.9386E+14	2.8422	0.0674
4.9198E+14	2.8388	0.0674
4.9008E+14	2.8354	0.0707
4.8820E+14	2.8354	0.0707
4.8362E+14	2.8320	0.0707
4.8443E+14	2.8320	0.0707
4.8254E+14	2.8287	0.0673
4.8066E+14	2.8254	0.0672
4.7878E+14	2.8220	0.0706
4.7689E+14	2.8186	0.0705
4.7500E+14	2.8152	0.0705
4.7312E+14	2.8119	0.0671
4.7124E+14	2.8085	0.0704
4.6935E+14	2.8085	0.0737
4.6746E+14	2.8051	0.0771
4.6558E+14	2.8017	0.0770
4.6370E+14	2.8018	0.0737
4.6182E+14	2.7984	0.0736
4.5992E+14	2.7951	0.0769
4.5805E+14	2.7950	0.0803
4.5616E+14	2.7917	0.0802
4.5427E+14	2.7884	0.0768
4.5239E+14	2.7884	0.0768
4.5050E+14	2.7850	0.0801
4.4862E+14	2.7816	0.0801
4.4674E+14	2.7783	0.0800
4.4485E+14	2.7783	0.0800
4.4297E+14	2.7750	0.0766
4.4108E+14	2.7717	0.0766
4.3920E+14	2.7683	0.0799
4.3731E+14	2.7650	0.0798
4.3543E+14	2.7617	0.0765
4.3354E+14	2.7551	0.0764
4.3166E+14	2.7518	0.0763
4.2977E+14	2.7484	0.0796
4.2788E+14	2.7450	0.0829
4.2600E+14	2.7417	0.0828
4.2412E+14	2.7384	0.0828
4.2223E+14	2.7351	0.0827
4.2035E+14	2.7317	0.0860
4.1846E+14	2.7284	0.0859
4.1657E+14	2.7251	0.0859
4.1469E+14	2.7218	0.0858
4.1281E+14	2.7185	0.0857
4.1092E+14	2.7119	0.0889
4.0903E+14	2.7085	0.0922
4.0715E+14	2.7052	0.0921
4.0526E+14	2.7020	0.0921
4.0338E+14	2.6987	0.0920
4.0150E+14	2.6953	0.0952
3.9961E+14	2.6953	0.0952
3.9773E+14	2.6920	0.0985
3.9584E+14	2.6854	0.0983
3.9395E+14	2.6822	0.0950
3.9207E+14	2.6789	0.0949
3.9019E+14	2.6756	0.0982
3.8830E+14	2.6690	0.1013
3.8642E+14	2.6657	0.1012
3.8453E+14	2.6657	0.1012
3.8265E+14	2.6625	0.1012
3.8076E+14	2.6592	0.1011
3.7888E+14	2.6527	0.1010
3.7699E+14	2.6494	0.1042
3.7511E+14	2.6461	0.1041
3.7322E+14	2.6429	0.1008
3.7134E+14	2.6364	0.1007
3.6945E+14	2.6331	0.1039
3.6757E+14	2.6266	0.1037
3.6568E+14	2.6234	0.1037
3.6380E+14	2.6202	0.1004
3.6191E+14	2.6138	0.0970
3.6003E+14	2.6105	0.1002
3.5814E+14	2.6040	0.1001
3.5626E+14	2.5976	0.0999
3.5437E+14	2.5912	0.0966
3.5249E+14	2.5848	0.0965
3.5060E+14	2.5783	0.0964
3.4872E+14	2.5719	0.0994
3.4683E+14	2.5654	0.0993
3.4495E+14	2.5590	0.0992
3.4306E+14	2.5527	0.0959
3.4117E+14	2.5463	0.0958
3.3929E+14	2.5367	0.0988
3.3741E+14	2.5303	0.1018
3.3552E+14	2.5239	0.1017
3.3364E+14	2.5176	0.0984
3.3175E+14	2.5082	0.0950
3.2987E+14	2.5018	0.0981
3.2798E+14	2.4923	0.0979
3.2610E+14	2.4828	0.1009
3.2421E+14	2.4733	0.1007
3.2232E+14	2.4670	0.1005
3.2044E+14	2.4576	0.1004
3.1856E+14	2.4481	0.1033
3.1667E+14	2.4387	0.1062
3.1479E+14	2.4324	0.1061
3.1290E+14	2.4231	0.1059
3.1102E+14	2.4138	0.1057
3.0913E+14	2.4044	0.1086
3.0725E+14	2.3950	0.1115
3.0536E+14	2.3826	0.1112
3.0348E+14	2.3765	0.1110
3.0159E+14	2.3642	0.1077
2.9971E+14	2.3549	0.1105
2.9782E+14	2.3457	0.1134
2.9594E+14	2.3333	0.1161
2.9405E+14	2.3212	0.1128
2.9217E+14	2.3121	0.1126
2.9028E+14	2.2998	0.1153
2.8840E+14	2.2876	0.1180
2.8652E+14	2.2756	0.1177
2.8463E+14	2.2635	0.1174
2.8274E+14	2.2515	0.1171
2.8086E+14	2.2395	0.1168
2.7897E+14	2.2245	0.1194
2.7709E+14	2.2095	0.1219
2.7520E+14	2.1946	0.1215
2.7332E+14	2.1828	0.1212
2.7144E+14	2.1680	0.1208
2.6955E+14	2.1503	0.1232
2.6766E+14	2.1355	0.1287
2.6578E+14	2.1208	0.1311
2.6389E+14	2.1063	0.1307
2.6201E+14	2.0919	0.1273
2.6012E+14	2.0745	0.1297
2.5824E+14	2.0571	0.1320
2.5636E+14	2.0370	0.1342
2.5447E+14	2.0199	0.1337
2.5258E+14	2.0028	0.1331
2.5070E+14	1.9831	0.1324
2.4881E+14	1.9633	0.1346
2.4693E+14	1.9437	0.1339
2.4504E+14	1.9242	0.1332
2.4316E+14	1.9022	0.1297
2.4127E+14	1.8776	0.1234
2.3939E+14	1.8449	0.1196
2.3750E+14	1.8060	0.1480
2.3562E+14	1.8059	0.1506
2.3373E+14	1.7823	0.1363
2.3185E+14	1.7421	0.1427
2.2997E+14	1.7159	0.1390
2.2808E+14	1.6894	0.1483
2.2620E+14	1.6714	0.1423
2.2431E+14	1.6254	0.1353
2.2242E+14	1.5973	0.1366
2.2054E+14	1.5417	0.1442
2.1865E+14	1.5231	0.1681
2.1677E+14	1.5035	0.1646
2.1489E+14	1.4797	0.1510
2.1300E+14	1.4291	0.1460
2.1111E+14	1.3720	0.1478
2.0923E+14	1.3401	0.1717
2.0735E+14	1.3138	0.1838
2.0546E+14	1.2852	0.1659
2.0357E+14	1.2348	0.1402
2.0169E+14	1.1601	0.1381
1.9980E+14	1.0970	0.1554
1.9792E+14	1.0571	0.1837
1.9604E+14	1.0199	0.1845
1.9415E+14	0.9724	0.1742
1.9227E+14	0.9156	0.1711
1.9038E+14	0.8516	0.1632
1.8850E+14	0.7833	0.1673
1.8661E+14	0.7199	0.1657
1.8473E+14	0.6504	0.1675
1.8284E+14	0.5782	0.1659
1.8096E+14	0.5015	0.1606
1.7907E+14	0.4186	0.1579
1.7719E+14	0.3336	0.1539
1.7530E+14	0.2449	0.1429
1.7342E+14	0.1332	0.1331
1.7153E+14	0.0207	0.1334
1.6965E+14	-0.0929	0.1292
1.6776E+14	-0.2189	0.1200
1.6588E+14	-0.3601	0.1192
1.6399E+14	-0.5094	0.1251
1.6211E+14	-0.6688	0.1365
1.6022E+14	-0.8307	0.1482
1.5834E+14	-0.9978	0.1583
1.5645E+14	-1.1777	0.1697
1.5457E+14	-1.3769	0.1835
1.5268E+14	-1.5965	0.2000
1.5080E+14	-1.8320	0.2224
1.4891E+14	-2.0638	0.2389
1.4703E+14	-2.3160	0.2469
1.4514E+14	-2.6115	0.2589
1.4326E+14	-2.9556	0.2719
1.4137E+14	-3.3536	0.2896
1.3949E+14	-3.7883	0.3117
1.3760E+14	-4.2518	0.3756
1.3572E+14	-4.7327	0.4574
1.3383E+14	-5.3277	0.5269
1.3195E+14	-6.0682	0.5622
1.3006E+14	-6.9823	0.6189
1.2818E+14	-8.0360	0.7663
1.2629E+14	-9.2668	1.0489
1.2441E+14	-11.0032 1.6164
1.2252E+14	-13.4283 2.7181
1.2064E+14	-17.6216 5.6440
1.1875E+14	-9.1760	11.5702
1.1687E+14	-12.6077 5.3302
1.1498E+14	-17.5485 6.5945
1.1310E+14	-23.0687 10.4480
1.1121E+14	-31.7277 17.7734
1.0933E+14	-43.2701 33.3289
1.0744E+14	-45.6158 87.3894
1.0556E+14	58.5186	65.7160
1.0367E+14	41.6748	17.1078
1.0179E+14	27.7627	6.8155
9.9903E+13	20.0466	3.7775
9.8018E+13	14.1868	3.6451
9.6133E+13	10.0076	4.2792
9.4248E+13	7.0763	3.2210
9.2363E+13	3.4781	2.2358
9.0478E+13	-1.0928	1.5348
8.8593E+13	-7.8949	1.5984
8.6708E+13	-22.1108 4.8435
8.4823E+13	-52.1943 21.7061
8.2938E+13	-72.2734 162.0085
8.1053E+13	88.4309	23.3496
7.9168E+13	47.2508	4.2937
7.7283E+13	32.6839	1.2351
7.5398E+13	25.1960	0.6626
7.3513E+13	14.6794	4.7013
7.1628E+13	30.5070	14.8964
6.9743E+13	24.0277	1.0590
6.7858E+13	20.7888	-0.6293
6.5974E+13	18.3019	-0.7617
6.4088E+13	16.9890	-0.3545
6.2204E+13	15.9999	0.0800
6.0319E+13	15.1533	0.3582
5.8434E+13	14.4624	0.1445
5.6549E+13	13.8606	0.0968
5.4664E+13	13.4410	0.5647
5.2779E+13	13.2874	0.5615
5.0894E+13	13.0782	0.4847
4.9009E+13	12.7497	0.3428
4.7124E+13	12.4601	0.1977
4.5239E+13	12.1939	0.0908
4.3354E+13	11.9573	0.1452
4.1469E+13	11.7367	0.1919
3.9584E+13	11.5456	0.1903
3.7699E+13	11.3701	0.1214
3.5814E+13	11.2090	0.0603
3.3929E+13	11.0622	0.0732