1.22522E+15	4.11855	8.11768E-05
1.22447E+15	4.11850	8.11764E-05
1.22371E+15	4.11846	8.11760E-05
1.22296E+15	4.11842	8.11756E-05
1.22220E+15	4.11838	8.11752E-05
1.22145E+15	4.11834	8.11748E-05
1.22070E+15	4.11830	8.11744E-05
1.21994E+15	4.11826	8.11740E-05
1.21919E+15	4.11822	8.11736E-05
1.21844E+15	4.11818	8.11732E-05
1.21768E+15	4.11814	8.11728E-05
1.21692E+15	4.11810	8.11724E-05
1.21617E+15	4.11806	8.11720E-05
1.21542E+15	4.11802	8.11716E-05
1.21467E+15	4.11798	8.11712E-05
1.21391E+15	4.11794	8.11708E-05
1.21316E+15	4.11790	8.11704E-05
1.21240E+15	4.11786	8.11700E-05
1.21165E+15	4.11781	8.11696E-05
1.21090E+15	4.11777	8.11692E-05
1.21014E+15	4.11773	8.11688E-05
1.20939E+15	4.11769	8.11684E-05
1.20863E+15	4.11765	8.11680E-05
1.20788E+15	4.11761	1.21751E-04
1.20713E+15	4.11757	1.21751E-04
1.20637E+15	4.11753	1.21750E-04
1.20562E+15	4.11749	1.21750E-04
1.20486E+15	4.11745	1.21749E-04
1.20411E+15	4.11741	1.21748E-04
1.20335E+15	4.11737	1.21748E-04
1.20260E+15	4.11733	1.21747E-04
1.20185E+15	4.11729	1.21747E-04
1.20109E+15	4.11725	1.21746E-04
1.20034E+15	4.11721	1.21745E-04
1.19958E+15	4.11717	1.21745E-04
1.19883E+15	4.11713	1.21744E-04
1.19808E+15	4.11708	1.21744E-04
1.19732E+15	4.11704	1.21743E-04
1.19657E+15	4.11700	1.21742E-04
1.19582E+15	4.11696	1.21742E-04
1.19506E+15	4.11692	1.21741E-04
1.19431E+15	4.11688	1.21741E-04
1.19355E+15	4.11684	1.21740E-04
1.19280E+15	4.11680	1.21739E-04
1.19204E+15	4.11676	1.21739E-04
1.19129E+15	4.11672	1.21738E-04
1.19054E+15	4.11668	1.21738E-04
1.18979E+15	4.11664	1.21737E-04
1.18903E+15	4.11660	1.21736E-04
1.18828E+15	4.11656	1.21736E-04
1.18752E+15	4.11652	1.21735E-04
1.18677E+15	4.11644	1.21734E-04
1.18601E+15	4.11639	1.21733E-04
1.18526E+15	4.11635	1.21733E-04
1.18451E+15	4.11631	1.21732E-04
1.18375E+15	4.11627	1.21732E-04
1.18300E+15	4.11623	1.21731E-04
1.18224E+15	4.11619	1.21730E-04
1.18149E+15	4.11615	1.21730E-04
1.18074E+15	4.11611	1.21729E-04
1.17999E+15	4.11607	1.21729E-04
1.17922E+15	4.11603	1.21728E-04
1.17847E+15	4.11599	1.21727E-04
1.17772E+15	4.11595	1.21727E-04
1.17696E+15	4.11587	1.21726E-04
1.17622E+15	4.11583	1.21725E-04
1.17546E+15	4.11579	1.21724E-04
1.17471E+15	4.11575	1.21724E-04
1.17395E+15	4.11570	1.21723E-04
1.17320E+15	4.11566	1.21723E-04
1.17244E+15	4.11562	1.21722E-04
1.17169E+15	4.11558	1.21721E-04
1.17093E+15	4.11554	1.21721E-04
1.17018E+15	4.11550	1.21720E-04
1.16943E+15	4.11542	1.21719E-04
1.16867E+15	4.11538	1.21718E-04
1.16792E+15	4.11534	1.21718E-04
1.16716E+15	4.11530	1.21717E-04
1.16641E+15	4.11526	1.21717E-04
1.16565E+15	4.11522	1.21716E-04
1.16490E+15	4.11518	1.21715E-04
1.16415E+15	4.11514	1.21715E-04
1.16339E+15	4.11510	1.21714E-04
1.16264E+15	4.11502	1.21713E-04
1.16189E+15	4.11497	1.21712E-04
1.16113E+15	4.11493	1.21712E-04
1.16038E+15	4.11489	1.21711E-04
1.15962E+15	4.11485	1.21711E-04
1.15887E+15	4.11481	1.21710E-04
1.15812E+15	4.11477	1.21709E-04
1.15737E+15	4.11469	1.21708E-04
1.15661E+15	4.11465	1.21708E-04
1.15585E+15	4.11461	1.21707E-04
1.15510E+15	4.11457	1.21706E-04
1.15435E+15	4.11453	1.21706E-04
1.15359E+15	4.11449	1.21705E-04
1.15284E+15	4.11445	1.21705E-04
1.15208E+15	4.11437	1.21703E-04
1.15133E+15	4.11433	1.21703E-04
1.15058E+15	4.11428	1.21702E-04
1.14983E+15	4.11424	1.21702E-04
1.14907E+15	4.11420	1.21701E-04
1.14831E+15	4.11412	1.21700E-04
1.14756E+15	4.11408	1.21699E-04
1.14680E+15	4.11404	1.21699E-04
1.14605E+15	4.11400	1.21698E-04
1.14530E+15	4.11396	1.21697E-04
1.14455E+15	4.11392	1.21697E-04
1.14379E+15	4.11384	1.21696E-04
1.14303E+15	4.11380	1.21695E-04
1.14228E+15	4.11376	1.21694E-04
1.14153E+15	4.11372	1.21694E-04
1.14077E+15	4.11368	1.21693E-04
1.14002E+15	4.11360	1.21692E-04
1.13927E+15	4.11355	1.21691E-04
1.13851E+15	4.11351	1.21691E-04
1.13776E+15	4.11347	1.21690E-04
1.13701E+15	4.11343	1.21690E-04
1.13625E+15	4.11335	1.21688E-04
1.13549E+15	4.11331	1.21688E-04
1.13474E+15	4.11327	1.21687E-04
1.13399E+15	4.11323	1.21687E-04
1.13324E+15	4.11319	1.21686E-04
1.13248E+15	4.11311	1.21685E-04
1.13172E+15	4.11307	1.21684E-04
1.13097E+15	4.11303	1.21684E-04
1.13022E+15	4.11299	1.21683E-04
1.12947E+15	4.11291	1.21682E-04
1.12871E+15	4.11287	1.21681E-04
1.12796E+15	4.11282	1.21681E-04
1.12720E+15	4.11278	1.21680E-04
1.12645E+15	4.11270	1.21679E-04
1.12570E+15	4.11266	1.21678E-04
1.12494E+15	4.11262	1.21678E-04
1.12419E+15	4.11258	1.21677E-04
1.12344E+15	4.11250	1.21676E-04
1.12268E+15	4.11246	1.21675E-04
1.12192E+15	4.11242	1.21675E-04
1.12117E+15	4.11238	1.21674E-04
1.12042E+15	4.11230	1.21673E-04
1.11966E+15	4.11226	1.21672E-04
1.11891E+15	4.11222	1.21672E-04
1.11816E+15	4.11218	1.21671E-04
1.11740E+15	4.11209	1.21670E-04
1.11665E+15	4.11205	1.21669E-04
1.11589E+15	4.11201	1.21669E-04
1.11514E+15	4.11193	1.21667E-04
1.11439E+15	4.11189	1.21667E-04
1.11363E+15	4.11185	1.21666E-04
1.11288E+15	4.11181	1.21666E-04
1.11212E+15	4.11173	1.21664E-04
1.11137E+15	4.11169	1.21664E-04
1.11061E+15	4.11165	1.21663E-04
1.10986E+15	4.11157	1.21662E-04
1.10911E+15	4.11153	1.21661E-04
1.10835E+15	4.11149	1.21661E-04
1.10760E+15	4.11141	1.21660E-04
1.10684E+15	4.11136	1.21659E-04
1.10609E+15	4.11132	1.21658E-04
1.10534E+15	4.11124	1.21657E-04
1.10459E+15	4.11120	1.21657E-04
1.10383E+15	4.11116	1.21656E-04
1.10307E+15	4.11112	1.21655E-04
1.10232E+15	4.11104	1.21654E-04
1.10157E+15	4.11100	1.21654E-04
1.10081E+15	4.11096	1.21653E-04
1.10006E+15	4.11088	1.21652E-04
1.09930E+15	4.11084	1.21651E-04
1.09855E+15	4.11076	1.21650E-04
1.09780E+15	4.11072	1.21649E-04
1.09705E+15	4.11068	1.21649E-04
1.09629E+15	4.11059	1.21648E-04
1.09553E+15	4.11055	1.21647E-04
1.09478E+15	4.11051	1.21646E-04
1.09403E+15	4.11043	1.21645E-04
1.09327E+15	4.11039	1.21645E-04
1.09252E+15	4.11035	1.21644E-04
1.09177E+15	4.11027	1.21643E-04
1.09101E+15	4.11023	1.21642E-04
1.09026E+15	4.11019	1.21642E-04
1.08951E+15	4.11011	1.21640E-04
1.08875E+15	4.11007	1.21640E-04
1.08800E+15	4.10999	1.21639E-04
1.08724E+15	4.10995	1.21638E-04
1.08649E+15	4.10990	1.21637E-04
1.08574E+15	4.10982	1.21636E-04
1.08498E+15	4.10978	1.21636E-04
1.08422E+15	4.10970	1.21634E-04
1.08347E+15	4.10966	1.21634E-04
1.08272E+15	4.10962	1.21633E-04
1.08196E+15	4.10954	1.62176E-04
1.08121E+15	4.10950	1.62175E-04
1.08046E+15	4.10942	1.62174E-04
1.07970E+15	4.10938	1.62173E-04
1.07895E+15	4.10934	1.62172E-04
1.07820E+15	4.10926	1.62170E-04
1.07744E+15	4.10922	1.62170E-04
1.07669E+15	4.10913	1.62168E-04
1.07593E+15	4.10909	1.62167E-04
1.07518E+15	4.10901	1.62166E-04
1.07442E+15	4.10897	1.62165E-04
1.07367E+15	4.10893	1.62164E-04
1.07292E+15	4.10885	1.62162E-04
1.07216E+15	4.10881	1.62162E-04
1.07141E+15	4.10873	1.62160E-04
1.07066E+15	4.10869	1.62159E-04
1.06990E+15	4.10861	1.62158E-04
1.06914E+15	4.10857	1.62157E-04
1.06839E+15	4.10849	1.62155E-04
1.06764E+15	4.10845	1.62154E-04
1.06689E+15	4.10836	1.62153E-04
1.06613E+15	4.10832	1.62152E-04
1.06537E+15	4.10824	1.62150E-04
1.06462E+15	4.10820	1.62150E-04
1.06387E+15	4.10812	1.62148E-04
1.06311E+15	4.10808	1.62147E-04
1.06236E+15	4.10800	1.62146E-04
1.06161E+15	4.10796	1.62145E-04
1.06085E+15	4.10792	1.62144E-04
1.06010E+15	4.10784	1.62142E-04
1.05934E+15	4.10780	1.62142E-04
1.05859E+15	4.10772	1.62140E-04
1.05783E+15	4.10763	1.62138E-04
1.05708E+15	4.10759	1.62138E-04
1.05633E+15	4.10751	1.62136E-04
1.05558E+15	4.10747	1.62135E-04
1.05482E+15	4.10739	1.62134E-04
1.05407E+15	4.10735	1.62133E-04
1.05331E+15	4.10727	1.62131E-04
1.05256E+15	4.10723	1.62130E-04
1.05181E+15	4.10715	1.62129E-04
1.05105E+15	4.10711	1.62128E-04
1.05030E+15	4.10703	1.62126E-04
1.04954E+15	4.10699	1.62126E-04
1.04879E+15	4.10690	1.62124E-04
1.04804E+15	4.10686	1.62123E-04
1.04728E+15	4.10678	1.62122E-04
1.04653E+15	4.10670	1.62120E-04
1.04577E+15	4.10666	1.62119E-04
1.04502E+15	4.10658	1.62118E-04
1.04427E+15	4.10654	1.62117E-04
1.04351E+15	4.10646	1.62115E-04
1.04276E+15	4.10642	1.62114E-04
1.04200E+15	4.10634	1.62113E-04
1.04125E+15	4.10626	1.62111E-04
1.04050E+15	4.10622	1.62110E-04
1.03974E+15	4.10613	1.62109E-04
1.03899E+15	4.10609	1.62108E-04
1.03823E+15	4.10601	1.62106E-04
1.03748E+15	4.10593	1.62105E-04
1.03673E+15	4.10589	1.62104E-04
1.03597E+15	4.10581	1.62102E-04
1.03522E+15	4.10577	1.62102E-04
1.03446E+15	4.10569	1.62100E-04
1.03371E+15	4.10561	1.62098E-04
1.03295E+15	4.10557	1.62098E-04
1.03220E+15	4.10549	1.62096E-04
1.03145E+15	4.10545	1.62095E-04
1.03069E+15	4.10536	1.62094E-04
1.02994E+15	4.10528	1.62092E-04
1.02919E+15	4.10524	1.62091E-04
1.02843E+15	4.10516	1.62090E-04
1.02768E+15	4.10508	1.62088E-04
1.02692E+15	4.10504	1.62087E-04
1.02617E+15	4.10496	1.62086E-04
1.02541E+15	4.10488	1.62084E-04
1.02466E+15	4.10484	1.62083E-04
1.02391E+15	4.10476	1.62082E-04
1.02315E+15	4.10468	1.62080E-04
1.02240E+15	4.10464	1.62079E-04
1.02165E+15	4.10455	1.62078E-04
1.02089E+15	4.10447	1.62076E-04
1.02014E+15	4.10443	1.62075E-04
1.01939E+15	4.10435	1.62074E-04
1.01863E+15	4.10427	1.62072E-04
1.01788E+15	4.10423	1.62071E-04
1.01712E+15	4.10415	1.62070E-04
1.01637E+15	4.10407	1.62068E-04
1.01561E+15	4.10399	1.62066E-04
1.01486E+15	4.10395	1.62066E-04
1.01410E+15	4.10387	1.62064E-04
1.01335E+15	4.10378	1.62062E-04
1.01260E+15	4.10374	1.62062E-04
1.01184E+15	4.10366	1.62060E-04
1.01109E+15	4.10358	1.62058E-04
1.01034E+15	4.10350	1.62057E-04
1.00958E+15	4.10346	1.62056E-04
1.00883E+15	4.10338	1.62054E-04
1.00807E+15	4.10330	1.62053E-04
1.00732E+15	4.10322	1.62051E-04
1.00657E+15	4.10318	1.62050E-04
1.00581E+15	4.10310	1.62049E-04
1.00506E+15	4.10301	1.62047E-04
1.00430E+15	4.10293	1.62046E-04
1.00355E+15	4.10289	1.62045E-04
1.00280E+15	4.10281	1.62043E-04
1.00204E+15	4.10273	1.62042E-04
1.00129E+15	4.10265	1.62040E-04
1.00053E+15	4.10257	1.62038E-04
9.99780E+14	4.10253	1.62038E-04
9.99028E+14	4.10245	1.62036E-04
9.98271E+14	4.10237	1.62034E-04
9.97521E+14	4.10229	1.62033E-04
9.96767E+14	4.10220	2.02539E-04
9.96008E+14	4.10216	2.02538E-04
9.95256E+14	4.10208	2.02536E-04
9.94500E+14	4.10200	2.02534E-04
9.93750E+14	4.10192	2.02532E-04
9.92996E+14	4.10184	2.02530E-04
9.92239E+14	4.10176	2.02528E-04
9.91487E+14	4.10172	2.02527E-04
9.90731E+14	4.10164	2.02525E-04
9.89977E+14	4.10156	2.02523E-04
9.89224E+14	4.10148	2.02521E-04
9.88471E+14	4.10139	2.02519E-04
9.87715E+14	4.10131	2.02517E-04
9.86965E+14	4.10123	2.02515E-04
9.86211E+14	4.10119	2.02514E-04
9.85453E+14	4.10111	2.02512E-04
9.84702E+14	4.10103	2.02510E-04
9.83946E+14	4.10095	2.02508E-04
9.83192E+14	4.10087	2.02506E-04
9.82438E+14	4.10079	2.02504E-04
9.81686E+14	4.10071	2.02502E-04
9.80930E+14	4.10062	2.02500E-04
9.80175E+14	4.10054	2.02498E-04
9.79422E+14	4.10050	2.02497E-04
9.78669E+14	4.10042	2.02495E-04
9.77912E+14	4.10034	2.02493E-04
9.77162E+14	4.10026	2.02491E-04
9.76408E+14	4.10018	2.02489E-04
9.75655E+14	4.10010	2.02487E-04
9.74898E+14	4.10002	2.02485E-04
9.74147E+14	4.09994	2.02483E-04
9.73393E+14	4.09986	2.02481E-04
9.72639E+14	4.09977	2.02479E-04
9.71882E+14	4.09969	2.02477E-04
9.71131E+14	4.09961	2.02475E-04
9.70376E+14	4.09953	2.02473E-04
9.69622E+14	4.09945	2.02471E-04
9.68865E+14	4.09937	2.02469E-04
9.68113E+14	4.09929	2.02467E-04
9.67358E+14	4.09921	2.02465E-04
9.66604E+14	4.09913	2.02463E-04
9.65851E+14	4.09905	2.02461E-04
9.65095E+14	4.09896	2.02459E-04
9.64344E+14	4.09888	2.02457E-04
9.63590E+14	4.09880	2.02455E-04
9.62837E+14	4.09872	2.02453E-04
9.62080E+14	4.09864	2.02451E-04
9.61329E+14	4.09856	2.02449E-04
9.60575E+14	4.09848	2.02447E-04
9.59822E+14	4.09840	2.02445E-04
9.59065E+14	4.09832	2.02443E-04
9.58309E+14	4.09824	2.02441E-04
9.57559E+14	4.09815	2.02439E-04
9.56801E+14	4.09807	2.02437E-04
9.56049E+14	4.09799	2.02435E-04
9.55298E+14	4.09791	2.02433E-04
9.54543E+14	4.09783	2.02431E-04
9.53790E+14	4.09775	2.02429E-04
9.53033E+14	4.09767	2.02427E-04
9.52282E+14	4.09759	2.02425E-04
9.51527E+14	4.09747	2.02422E-04
9.50773E+14	4.09739	2.02420E-04
9.50016E+14	4.09730	2.02418E-04
9.49265E+14	4.09722	2.02416E-04
9.48510E+14	4.09714	2.02414E-04
9.47757E+14	4.09706	2.02412E-04
9.47000E+14	4.09698	2.02410E-04
9.46249E+14	4.09690	2.02408E-04
9.45494E+14	4.09682	2.02406E-04
9.44740E+14	4.09670	2.02403E-04
9.43983E+14	4.09662	2.02401E-04
9.43232E+14	4.09654	2.02399E-04
9.42478E+14	4.09645	2.02397E-04
9.41724E+14	4.09637	2.02395E-04
9.40968E+14	4.09629	2.02393E-04
9.40217E+14	4.09617	2.02390E-04
9.39462E+14	4.09609	2.02388E-04
9.38709E+14	4.09601	2.02386E-04
9.37952E+14	4.09593	2.02384E-04
9.37201E+14	4.09585	2.02382E-04
9.36447E+14	4.09577	2.02380E-04
9.35694E+14	4.09565	2.02377E-04
9.34938E+14	4.09556	2.02375E-04
9.34182E+14	4.09548	2.42848E-04
9.33428E+14	4.09540	2.42845E-04
9.32675E+14	4.09528	2.42842E-04
9.31924E+14	4.09520	2.42839E-04
9.31169E+14	4.09512	2.42837E-04
9.30415E+14	4.09504	2.42834E-04
9.29658E+14	4.09496	2.42832E-04
9.28906E+14	4.09484	2.42828E-04
9.28152E+14	4.09475	2.42826E-04
9.27398E+14	4.09467	2.42824E-04
9.26646E+14	4.09459	2.42821E-04
9.25890E+14	4.09447	2.42818E-04
9.25136E+14	4.09439	2.42815E-04
9.24383E+14	4.09431	2.42813E-04
9.23627E+14	4.09419	2.42809E-04
9.22876E+14	4.09411	2.42807E-04
9.22122E+14	4.09403	2.42804E-04
9.21365E+14	4.09390	2.42801E-04
9.20613E+14	4.09382	2.42798E-04
9.19858E+14	4.09374	2.42796E-04
9.19105E+14	4.09366	2.42794E-04
9.18348E+14	4.09354	2.42790E-04
9.17597E+14	4.09346	2.42788E-04
9.16843E+14	4.09334	2.42784E-04
9.16090E+14	4.09326	2.42782E-04
9.15334E+14	4.09318	2.42779E-04
9.14579E+14	4.09305	2.42776E-04
9.13825E+14	4.09297	2.42773E-04
9.13072E+14	4.09289	2.42771E-04
9.12317E+14	4.09277	2.42767E-04
9.11567E+14	4.09269	2.42765E-04
9.10809E+14	4.09261	2.42762E-04
9.10057E+14	4.09249	2.42759E-04
9.09302E+14	4.09241	2.42756E-04
9.08548E+14	4.09229	2.42753E-04
9.07795E+14	4.09221	2.42750E-04
9.07040E+14	4.09208	2.42747E-04
9.06285E+14	4.09200	2.42744E-04
9.05532E+14	4.09192	2.42742E-04
9.04780E+14	4.09180	2.42738E-04
9.04025E+14	4.09172	2.42736E-04
9.03271E+14	4.09160	2.42732E-04
9.02519E+14	4.09152	2.42730E-04
9.01763E+14	4.09140	2.42726E-04
9.01009E+14	4.09132	2.42724E-04
9.00256E+14	4.09119	2.42720E-04
8.99500E+14	4.09111	2.42718E-04
8.98745E+14	4.09099	2.42714E-04
8.97991E+14	4.09091	2.42712E-04
8.97239E+14	4.09079	2.42708E-04
8.96484E+14	4.09071	2.42706E-04
8.95730E+14	4.09059	2.42702E-04
8.94977E+14	4.09051	2.42700E-04
8.94221E+14	4.09038	2.42696E-04
8.93471E+14	4.09030	2.42694E-04
8.92713E+14	4.09018	2.42690E-04
8.91962E+14	4.09010	2.42688E-04
8.91207E+14	4.08998	2.42684E-04
8.90453E+14	4.08990	2.42682E-04
8.89701E+14	4.08978	2.42678E-04
8.88945E+14	4.08966	2.42675E-04
8.88192E+14	4.08958	2.42672E-04
8.87439E+14	4.08945	2.42669E-04
8.86683E+14	4.08937	2.42666E-04
8.85929E+14	4.08925	2.42663E-04
8.85176E+14	4.08913	2.83102E-04
8.84420E+14	4.08905	2.83100E-04
8.83665E+14	4.08893	2.83095E-04
8.82912E+14	4.08885	2.83093E-04
8.82160E+14	4.08873	2.83088E-04
8.81405E+14	4.08861	2.83084E-04
8.80652E+14	4.08852	2.83081E-04
8.79895E+14	4.08840	2.83077E-04
8.79144E+14	4.08828	2.83073E-04
8.78390E+14	4.08820	2.83070E-04
8.77634E+14	4.08808	2.83066E-04
8.76883E+14	4.08796	2.83062E-04
8.76129E+14	4.08784	2.83058E-04
8.75372E+14	4.08776	2.83055E-04
8.74620E+14	4.08763	2.83051E-04
8.73866E+14	4.08751	2.83046E-04
8.73113E+14	4.08743	2.83044E-04
8.72358E+14	4.08731	2.83039E-04
8.71603E+14	4.08719	2.83035E-04
8.70850E+14	4.08707	2.83031E-04
8.70095E+14	4.08699	2.83028E-04
8.69340E+14	4.08687	2.83024E-04
8.68587E+14	4.08675	2.83020E-04
8.67835E+14	4.08662	2.83016E-04
8.67081E+14	4.08654	2.83013E-04
8.66324E+14	4.08642	2.83009E-04
8.65572E+14	4.08630	2.83004E-04
8.64817E+14	4.08618	2.83000E-04
8.64064E+14	4.08606	2.82996E-04
8.63308E+14	4.08598	2.82993E-04
8.62558E+14	4.08586	2.82989E-04
8.61800E+14	4.08573	2.82985E-04
8.61048E+14	4.08561	2.82981E-04
8.60294E+14	4.08549	2.82976E-04
8.59541E+14	4.08537	2.82972E-04
8.58785E+14	4.08525	2.82968E-04
8.58030E+14	4.08517	2.82965E-04
8.57277E+14	4.08505	2.82961E-04
8.56525E+14	4.08493	2.82957E-04
8.55771E+14	4.08480	2.82953E-04
8.55014E+14	4.08468	2.82948E-04
8.54262E+14	4.08456	2.82944E-04
8.53508E+14	4.08444	2.82940E-04
8.52755E+14	4.08432	2.82936E-04
8.52000E+14	4.08420	2.82932E-04
8.51246E+14	4.08408	2.82927E-04
8.50493E+14	4.08396	2.82923E-04
8.49737E+14	4.08383	2.82919E-04
8.48983E+14	4.08371	2.82915E-04
8.48231E+14	4.08359	2.82911E-04
8.47476E+14	4.08347	2.82906E-04
8.46722E+14	4.08335	2.82902E-04
8.45970E+14	4.08323	2.82898E-04
8.45215E+14	4.08311	3.23307E-04
8.44461E+14	4.08299	3.23302E-04
8.43705E+14	4.08286	3.23298E-04
8.42951E+14	4.08274	3.23293E-04
8.42197E+14	4.08262	3.23288E-04
8.41445E+14	4.08250	3.23283E-04
8.40691E+14	4.08238	3.23278E-04
8.39934E+14	4.08226	3.23274E-04
8.39183E+14	4.08214	3.23269E-04
8.38429E+14	4.08202	3.23264E-04
8.37672E+14	4.08189	3.23259E-04
8.36921E+14	4.08177	3.23254E-04
8.36167E+14	4.08165	3.23250E-04
8.35411E+14	4.08149	3.23243E-04
8.34657E+14	4.08137	3.23238E-04
8.33904E+14	4.08125	3.23234E-04
8.33152E+14	4.08113	3.23229E-04
8.32397E+14	4.08101	3.23224E-04
8.31641E+14	4.08088	3.23219E-04
8.30889E+14	4.08072	3.23213E-04
8.30136E+14	4.08060	3.23208E-04
8.29379E+14	4.08048	3.23203E-04
8.28625E+14	4.08036	3.23198E-04
8.27871E+14	4.08024	3.23194E-04
8.27119E+14	4.08008	3.23187E-04
8.26365E+14	4.07996	3.23182E-04
8.25609E+14	4.07983	3.23178E-04
8.24857E+14	4.07971	3.23173E-04
8.24104E+14	4.07955	3.23166E-04
8.23348E+14	4.07943	3.23162E-04
8.22593E+14	4.07931	3.23157E-04
8.21840E+14	4.07919	3.23152E-04
8.21088E+14	4.07903	3.23146E-04
8.20334E+14	4.07891	3.23141E-04
8.19578E+14	4.07878	3.23136E-04
8.18823E+14	4.07862	3.23130E-04
8.18070E+14	4.07850	3.23125E-04
8.17318E+14	4.07838	3.23120E-04
8.16564E+14	4.07822	3.23114E-04
8.15807E+14	4.07810	3.23109E-04
8.15056E+14	4.07798	3.23104E-04
8.14303E+14	4.07781	3.23098E-04
8.13547E+14	4.07769	3.23093E-04
8.12793E+14	4.07753	3.23086E-04
8.12040E+14	4.07741	3.63467E-04
8.11285E+14	4.07729	3.63461E-04
8.10531E+14	4.07713	3.63454E-04
8.09776E+14	4.07701	3.63449E-04
8.09022E+14	4.07685	3.63442E-04
8.08269E+14	4.07672	3.63436E-04
8.07514E+14	4.07656	3.63429E-04
8.06761E+14	4.07644	3.63424E-04
8.06008E+14	4.07628	3.63416E-04
8.05254E+14	4.07616	3.63411E-04
8.04498E+14	4.07600	3.63404E-04
8.03744E+14	4.07588	3.63398E-04
8.02990E+14	4.07571	3.63391E-04
8.02238E+14	4.07559	3.63386E-04
8.01485E+14	4.07543	3.63379E-04
8.00729E+14	4.07527	3.63371E-04
7.99974E+14	4.07515	3.63366E-04
7.99221E+14	4.07499	3.63359E-04
7.98466E+14	4.07487	3.63353E-04
7.97713E+14	4.07471	3.63346E-04
7.96961E+14	4.07454	3.63339E-04
7.96207E+14	4.07442	3.63334E-04
7.95451E+14	4.07426	3.63326E-04
7.94696E+14	4.07414	3.63321E-04
7.93943E+14	4.07398	3.63314E-04
7.93188E+14	4.07382	3.63307E-04
7.92434E+14	4.07370	3.63301E-04
7.91682E+14	4.07353	3.63294E-04
7.90928E+14	4.07337	3.63287E-04
7.90172E+14	4.07321	3.63280E-04
7.89421E+14	4.07309	3.63274E-04
7.88665E+14	4.07293	3.63267E-04
7.87913E+14	4.07277	3.63260E-04
7.87156E+14	4.07261	3.63253E-04
7.86404E+14	4.07249	3.63247E-04
7.85650E+14	4.07232	3.63240E-04
7.84895E+14	4.07216	3.63233E-04
7.84140E+14	4.07200	3.63226E-04
7.83387E+14	4.07184	4.03576E-04
7.82633E+14	4.07172	4.03570E-04
7.81880E+14	4.07156	4.03562E-04
7.81125E+14	4.07140	4.03554E-04
7.80371E+14	4.07123	4.03546E-04
7.79619E+14	4.07107	4.03538E-04
7.78862E+14	4.07091	4.03530E-04
7.78110E+14	4.07075	4.03522E-04
7.77356E+14	4.07059	4.03514E-04
7.76603E+14	4.07047	4.03508E-04
7.75849E+14	4.07031	4.03500E-04
7.75093E+14	4.07014	4.03492E-04
7.74341E+14	4.06998	4.03484E-04
7.73585E+14	4.06982	4.03476E-04
7.72833E+14	4.06966	4.03468E-04
7.72077E+14	4.06950	4.03460E-04
7.71325E+14	4.06934	4.03452E-04
7.70571E+14	4.06918	4.03444E-04
7.69816E+14	4.06902	4.03436E-04
7.69062E+14	4.06885	4.03428E-04
7.68307E+14	4.06869	4.03420E-04
7.67553E+14	4.06849	4.03410E-04
7.66800E+14	4.06833	4.03402E-04
7.66046E+14	4.06817	4.03394E-04
7.65293E+14	4.06801	4.03386E-04
7.64539E+14	4.06785	4.03378E-04
7.63783E+14	4.06768	4.03370E-04
7.63029E+14	4.06752	4.03362E-04
7.62276E+14	4.06736	4.03354E-04
7.61521E+14	4.06716	4.03344E-04
7.60768E+14	4.06700	4.03336E-04
7.60014E+14	4.06684	4.03328E-04
7.59261E+14	4.06668	4.03320E-04
7.58506E+14	4.06651	4.43643E-04
7.57753E+14	4.06631	4.43632E-04
7.56998E+14	4.06615	4.43623E-04
7.56245E+14	4.06599	4.43615E-04
7.55490E+14	4.06583	4.43606E-04
7.54737E+14	4.06563	4.43595E-04
7.53982E+14	4.06547	4.43586E-04
7.53229E+14	4.06530	4.43577E-04
7.52474E+14	4.06510	4.43566E-04
7.51721E+14	4.06494	4.43557E-04
7.50966E+14	4.06478	4.43549E-04
7.50213E+14	4.06458	4.43538E-04
7.49459E+14	4.06442	4.43529E-04
7.48705E+14	4.06422	4.43518E-04
7.47951E+14	4.06405	4.43509E-04
7.47198E+14	4.06389	4.43500E-04
7.46443E+14	4.06369	4.43489E-04
7.45687E+14	4.06353	4.43480E-04
7.44936E+14	4.06333	4.43469E-04
7.44180E+14	4.06317	4.43461E-04
7.43426E+14	4.06297	4.43450E-04
7.42673E+14	4.06280	4.43441E-04
7.41919E+14	4.06260	4.43430E-04
7.41166E+14	4.06244	4.43421E-04
7.40412E+14	4.06224	4.43410E-04
7.39657E+14	4.06204	4.43399E-04
7.38903E+14	4.06188	4.43390E-04
7.38147E+14	4.06168	4.43379E-04
7.37394E+14	4.06151	4.83677E-04
7.36642E+14	4.06131	4.83665E-04
7.35885E+14	4.06111	4.83653E-04
7.35133E+14	4.06095	4.83643E-04
7.34377E+14	4.06075	4.83631E-04
7.33626E+14	4.06055	4.83619E-04
7.32870E+14	4.06039	4.83610E-04
7.32115E+14	4.06018	4.83598E-04
7.31363E+14	4.05998	4.83586E-04
7.30609E+14	4.05978	4.83574E-04
7.29856E+14	4.05962	4.83564E-04
7.29100E+14	4.05942	4.83552E-04
7.28347E+14	4.05922	4.83540E-04
7.27594E+14	4.05902	4.83528E-04
7.26839E+14	4.05881	4.83516E-04
7.26086E+14	4.05865	4.83506E-04
7.25332E+14	4.05845	4.83494E-04
7.24576E+14	4.05825	4.83482E-04
7.23822E+14	4.05805	4.83470E-04
7.23070E+14	4.05785	4.83458E-04
7.22316E+14	4.05765	4.83446E-04
7.21561E+14	4.05744	4.83434E-04
7.20808E+14	4.05724	4.83422E-04
7.20053E+14	4.05704	4.83410E-04
7.19298E+14	4.05684	4.83398E-04
7.18546E+14	4.05664	4.83386E-04
7.17791E+14	4.05644	5.23656E-04
7.17038E+14	4.05624	5.23643E-04
7.16283E+14	4.05603	5.23630E-04
7.15530E+14	4.05583	5.23617E-04
7.14775E+14	4.05563	5.23604E-04
7.14020E+14	4.05543	5.23591E-04
7.13266E+14	4.05523	5.23578E-04
7.12514E+14	4.05499	5.23562E-04
7.11758E+14	4.05479	5.23549E-04
7.11006E+14	4.05458	5.23536E-04
7.10251E+14	4.05438	5.23523E-04
7.09497E+14	4.05418	5.23510E-04
7.08744E+14	4.05394	5.23494E-04
7.07988E+14	4.05374	5.23481E-04
7.07234E+14	4.05354	5.23468E-04
7.06481E+14	4.05334	5.23455E-04
7.05727E+14	4.05310	5.23440E-04
7.04973E+14	4.05289	5.23427E-04
7.04219E+14	4.05269	5.23414E-04
7.03465E+14	4.05245	5.23398E-04
7.02712E+14	4.05225	5.23385E-04
7.01959E+14	4.05205	5.23372E-04
7.01204E+14	4.05181	5.23357E-04
7.00448E+14	4.05161	5.63601E-04
6.99694E+14	4.05136	5.63584E-04
6.98942E+14	4.05116	5.63570E-04
6.98189E+14	4.05092	5.63553E-04
6.97434E+14	4.05072	5.63539E-04
6.96679E+14	4.05048	5.63522E-04
6.95925E+14	4.05028	5.63508E-04
6.95171E+14	4.05004	5.63492E-04
6.94418E+14	4.04983	5.63478E-04
6.93664E+14	4.04959	5.63461E-04
6.92909E+14	4.04935	5.63444E-04
6.92156E+14	4.04915	5.63430E-04
6.91402E+14	4.04891	5.63413E-04
6.90647E+14	4.04867	5.63396E-04
6.89894E+14	4.04847	5.63382E-04
6.89140E+14	4.04822	5.63366E-04
6.88385E+14	4.04798	5.63349E-04
6.87631E+14	4.04778	5.63335E-04
6.86877E+14	4.04754	5.63318E-04
6.86125E+14	4.04730	5.63301E-04
6.85369E+14	4.04706	5.63284E-04
6.84617E+14	4.04682	6.03501E-04
6.83862E+14	4.04657	6.03483E-04
6.83108E+14	4.04637	6.03468E-04
6.82354E+14	4.04613	6.03450E-04
6.81599E+14	4.04589	6.03432E-04
6.80846E+14	4.04565	6.03414E-04
6.80092E+14	4.04541	6.03396E-04
6.79339E+14	4.04517	6.03378E-04
6.78583E+14	4.04493	6.03360E-04
6.77829E+14	4.04468	6.03342E-04
6.77077E+14	4.04444	6.03324E-04
6.76322E+14	4.04420	6.03306E-04
6.75568E+14	4.04396	6.03288E-04
6.74813E+14	4.04372	6.03270E-04
6.74060E+14	4.04344	6.03249E-04
6.73307E+14	4.04320	6.03231E-04
6.72552E+14	4.04295	6.03213E-04
6.71797E+14	4.04271	6.03195E-04
6.71044E+14	4.04247	6.43389E-04
6.70290E+14	4.04219	6.43366E-04
6.69535E+14	4.04195	6.43347E-04
6.68782E+14	4.04171	6.43328E-04
6.68028E+14	4.04147	6.43309E-04
6.67274E+14	4.04119	6.43286E-04
6.66521E+14	4.04094	6.43267E-04
6.65766E+14	4.04066	6.43245E-04
6.65012E+14	4.04042	6.43226E-04
6.64259E+14	4.04018	6.43206E-04
6.63504E+14	4.03990	6.43184E-04
6.62751E+14	4.03966	6.43165E-04
6.61996E+14	4.03938	6.43142E-04
6.61242E+14	4.03914	6.43123E-04
6.60489E+14	4.03885	6.43101E-04
6.59735E+14	4.03861	6.43082E-04
6.58981E+14	4.03833	6.43059E-04
6.58226E+14	4.03805	6.43037E-04
6.57473E+14	4.03781	6.83206E-04
6.56719E+14	4.03753	6.83182E-04
6.55965E+14	4.03725	6.83159E-04
6.55211E+14	4.03701	6.83138E-04
6.54458E+14	4.03672	6.83114E-04
6.53702E+14	4.03644	6.83091E-04
6.52948E+14	4.03616	6.83067E-04
6.52195E+14	4.03592	6.83046E-04
6.51440E+14	4.03564	6.83023E-04
6.50687E+14	4.03536	6.82999E-04
6.49933E+14	4.03508	6.82975E-04
6.49179E+14	4.03480	6.82951E-04
6.48424E+14	4.03451	6.82927E-04
6.47671E+14	4.03423	6.82904E-04
6.46917E+14	4.03395	6.82880E-04
6.46163E+14	4.03367	6.82856E-04
6.45409E+14	4.03339	7.22999E-04
6.44654E+14	4.03311	7.22974E-04
6.43901E+14	4.03283	7.22948E-04
6.43147E+14	4.03255	7.22923E-04
6.42393E+14	4.03226	7.22898E-04
6.41639E+14	4.03198	7.22873E-04
6.40884E+14	4.03166	7.22844E-04
6.40131E+14	4.03138	7.22819E-04
6.39378E+14	4.03110	7.22794E-04
6.38624E+14	4.03082	7.22768E-04
6.37870E+14	4.03050	7.22740E-04
6.37115E+14	4.03022	7.22714E-04
6.36360E+14	4.02994	7.22689E-04
6.35607E+14	4.02961	7.22660E-04
6.34853E+14	4.02933	7.62782E-04
6.34099E+14	4.02901	7.62751E-04
6.33345E+14	4.02873	7.62725E-04
6.32591E+14	4.02841	7.62694E-04
6.31838E+14	4.02813	7.62668E-04
6.31083E+14	4.02781	7.62637E-04
6.30329E+14	4.02753	7.62611E-04
6.29576E+14	4.02721	7.62580E-04
6.28822E+14	4.02688	7.62550E-04
6.28067E+14	4.02660	7.62523E-04
6.27313E+14	4.02628	7.62493E-04
6.26560E+14	4.02596	7.62462E-04
6.25805E+14	4.02564	7.62432E-04
6.25052E+14	4.02536	7.62405E-04
6.24298E+14	4.02504	8.02500E-04
6.23544E+14	4.02472	8.02468E-04
6.22790E+14	4.02440	8.02436E-04
6.22036E+14	4.02408	8.02404E-04
6.21281E+14	4.02376	8.02372E-04
6.20527E+14	4.02343	8.02340E-04
6.19774E+14	4.02311	8.02308E-04
6.19019E+14	4.02279	8.02276E-04
6.18266E+14	4.02247	8.02244E-04
6.17512E+14	4.02215	8.02212E-04
6.16758E+14	4.02183	8.02180E-04
6.16003E+14	4.02151	8.02148E-04
6.15249E+14	4.02115	8.02112E-04
6.14496E+14	4.02083	8.42184E-04
6.13742E+14	4.02051	8.42150E-04
6.12988E+14	4.02019	8.42117E-04
6.12233E+14	4.01982	8.42079E-04
6.11480E+14	4.01950	8.42045E-04
6.10726E+14	4.01918	8.42012E-04
6.09973E+14	4.01882	8.41974E-04
6.09218E+14	4.01850	8.41940E-04
6.08464E+14	4.01814	8.41903E-04
6.07709E+14	4.01782	8.41869E-04
6.06956E+14	4.01746	8.41831E-04
6.06202E+14	4.01710	8.41793E-04
6.05447E+14	4.01678	8.81844E-04
6.04693E+14	4.01642	8.81804E-04
6.03940E+14	4.01606	8.81764E-04
6.03186E+14	4.01574	8.81729E-04
6.02432E+14	4.01537	8.81690E-04
6.01678E+14	4.01501	8.81650E-04
6.00924E+14	4.01465	8.81610E-04
6.00171E+14	4.01429	8.81571E-04
5.99417E+14	4.01393	8.81531E-04
5.98663E+14	4.01357	8.81492E-04
5.97907E+14	4.01321	8.81452E-04
5.97153E+14	4.01285	9.21477E-04
5.96399E+14	4.01249	9.21435E-04
5.95645E+14	4.01213	9.21394E-04
5.94892E+14	4.01177	9.21352E-04
5.94138E+14	4.01141	9.21311E-04
5.93384E+14	4.01105	9.21270E-04
5.92630E+14	4.01065	9.21224E-04
5.91877E+14	4.01029	9.21182E-04
5.91121E+14	4.00993	9.21141E-04
5.90368E+14	4.00953	9.21095E-04
5.89614E+14	4.00917	9.21053E-04
5.88861E+14	4.00880	9.61056E-04
5.88106E+14	4.00840	9.61008E-04
5.87353E+14	4.00804	9.60965E-04
5.86598E+14	4.00764	9.60917E-04
5.85845E+14	4.00724	9.60869E-04
5.85090E+14	4.00688	9.60826E-04
5.84336E+14	4.00648	9.60778E-04
5.83583E+14	4.00608	9.60730E-04
5.82829E+14	4.00568	9.60682E-04
5.82075E+14	4.00532	9.60638E-04
5.81321E+14	4.00492	1.00062E-03
5.80567E+14	4.00452	1.00057E-03
5.79812E+14	4.00412	1.00052E-03
5.79058E+14	4.00372	1.00047E-03
5.78305E+14	4.00332	1.00042E-03
5.77550E+14	4.00292	1.00037E-03
5.76797E+14	4.00252	1.00032E-03
5.76043E+14	4.00212	1.00027E-03
5.75288E+14	4.00172	1.00022E-03
5.74534E+14	4.00128	1.04017E-03
5.73781E+14	4.00088	1.04011E-03
5.73027E+14	4.00048	1.04006E-03
5.72272E+14	4.00004	1.04001E-03
5.71519E+14	3.99964	1.03995E-03
5.70765E+14	3.99920	1.03990E-03
5.70010E+14	3.99880	1.03984E-03
5.69256E+14	3.99836	1.03979E-03
5.68503E+14	3.99796	1.03973E-03
5.67749E+14	3.99752	1.07967E-03
5.66994E+14	3.99708	1.07961E-03
5.66241E+14	3.99668	1.07955E-03
5.65487E+14	3.99624	1.07949E-03
5.64733E+14	3.99580	1.07943E-03
5.63978E+14	3.99536	1.07937E-03
5.63225E+14	3.99492	1.07931E-03
5.62470E+14	3.99448	1.07925E-03
5.61718E+14	3.99404	1.07920E-03
5.60962E+14	3.99360	1.11910E-03
5.60208E+14	3.99316	1.11904E-03
5.59455E+14	3.99272	1.11898E-03
5.58701E+14	3.99228	1.11892E-03
5.57947E+14	3.99184	1.11886E-03
5.57193E+14	3.99136	1.11879E-03
5.56440E+14	3.99093	1.11873E-03
5.55685E+14	3.99049	1.11867E-03
5.54931E+14	3.99001	1.15855E-03
5.54177E+14	3.98957	1.15849E-03
5.53424E+14	3.98909	1.15842E-03
5.52669E+14	3.98861	1.15835E-03
5.51915E+14	3.98817	1.15828E-03
5.51161E+14	3.98769	1.15821E-03
5.50407E+14	3.98721	1.15814E-03
5.49652E+14	3.98673	1.19801E-03
5.48898E+14	3.98629	1.19794E-03
5.48145E+14	3.98581	1.19787E-03
5.47390E+14	3.98533	1.19780E-03
5.46636E+14	3.98485	1.19773E-03
5.45883E+14	3.98438	1.19765E-03
5.45130E+14	3.98386	1.19758E-03
5.44376E+14	3.98338	1.19750E-03
5.43621E+14	3.98290	1.23735E-03
5.42868E+14	3.98242	1.23727E-03
5.42113E+14	3.98190	1.23719E-03
5.41360E+14	3.98142	1.23712E-03
5.40605E+14	3.98090	1.23704E-03
5.39851E+14	3.98042	1.23696E-03
5.39098E+14	3.97991	1.23688E-03
5.38343E+14	3.97943	1.27670E-03
5.37590E+14	3.97891	1.27662E-03
5.36835E+14	3.97839	1.27654E-03
5.36082E+14	3.97787	1.27645E-03
5.35327E+14	3.97735	1.27637E-03
5.34574E+14	3.97683	1.27629E-03
5.33820E+14	3.97632	1.27620E-03
5.33065E+14	3.97580	1.31600E-03
5.32311E+14	3.97528	1.31591E-03
5.31557E+14	3.97476	1.31583E-03
5.30803E+14	3.97424	1.31574E-03
5.30049E+14	3.97368	1.31565E-03
5.29296E+14	3.97317	1.31556E-03
5.28542E+14	3.97265	1.35534E-03
5.27787E+14	3.97209	1.35525E-03
5.27033E+14	3.97157	1.35516E-03
5.26280E+14	3.97101	1.35506E-03
5.25526E+14	3.97045	1.35497E-03
5.24772E+14	3.96990	1.35487E-03
5.24018E+14	3.96938	1.39463E-03
5.23263E+14	3.96882	1.39453E-03
5.22510E+14	3.96826	1.39444E-03
5.21755E+14	3.96771	1.39434E-03
5.21001E+14	3.96715	1.39424E-03
5.20248E+14	3.96655	1.39413E-03
5.19493E+14	3.96599	1.43387E-03
5.18740E+14	3.96543	1.43376E-03
5.17986E+14	3.96488	1.43366E-03
5.17233E+14	3.96428	1.43356E-03
5.16477E+14	3.96372	1.43346E-03
5.15724E+14	3.96313	1.43335E-03
5.14970E+14	3.96253	1.47305E-03
5.14216E+14	3.96197	1.47295E-03
5.13462E+14	3.96137	1.47284E-03
5.12708E+14	3.96078	1.47273E-03
5.11953E+14	3.96018	1.47261E-03
5.11199E+14	3.95958	1.47250E-03
5.10446E+14	3.95899	1.51219E-03
5.09693E+14	3.95839	1.51207E-03
5.08939E+14	3.95779	1.51196E-03
5.08184E+14	3.95716	1.51184E-03
5.07430E+14	3.95656	1.51172E-03
5.06676E+14	3.95596	1.55139E-03
5.05922E+14	3.95533	1.55126E-03
5.05169E+14	3.95469	1.55114E-03
5.04414E+14	3.95409	1.55102E-03
5.03661E+14	3.95346	1.55090E-03
5.02906E+14	3.95282	1.59054E-03
5.02153E+14	3.95218	1.59041E-03
5.01398E+14	3.95155	1.59028E-03
5.00644E+14	3.95091	1.59015E-03
4.99890E+14	3.95028	1.59002E-03
4.99136E+14	3.94964	1.62964E-03
4.98382E+14	3.94896	1.62950E-03
4.97628E+14	3.94833	1.62937E-03
4.96874E+14	3.94765	1.62923E-03
4.96121E+14	3.94702	1.62910E-03
4.95366E+14	3.94634	1.66869E-03
4.94612E+14	3.94567	1.66855E-03
4.93859E+14	3.94503	1.66842E-03
4.93104E+14	3.94435	1.66827E-03
4.92351E+14	3.94368	1.70785E-03
4.91596E+14	3.94300	1.70770E-03
4.90842E+14	3.94229	1.70755E-03
4.90089E+14	3.94161	1.70740E-03
4.89334E+14	3.94094	1.70725E-03
4.88581E+14	3.94022	1.74680E-03
4.87826E+14	3.93955	1.74665E-03
4.87072E+14	3.93884	1.74649E-03
4.86318E+14	3.93812	1.74633E-03
4.85564E+14	3.93745	1.78587E-03
4.84811E+14	3.93673	1.78571E-03
4.84057E+14	3.93602	1.78555E-03
4.83302E+14	3.93530	1.78538E-03
4.82549E+14	3.93455	1.78521E-03
4.81795E+14	3.93384	1.82472E-03
4.81040E+14	3.93312	1.82455E-03
4.80286E+14	3.93237	1.82438E-03
4.79532E+14	3.93165	1.82421E-03
4.78778E+14	3.93090	1.86369E-03
4.78024E+14	3.93015	1.86351E-03
4.77270E+14	3.92939	1.86333E-03
4.76516E+14	3.92864	1.86316E-03
4.75762E+14	3.92789	1.90261E-03
4.75009E+14	3.92713	1.90243E-03
4.74255E+14	3.92638	1.90225E-03
4.73501E+14	3.92559	1.90206E-03
4.72747E+14	3.92484	1.94150E-03
4.71993E+14	3.92404	1.94130E-03
4.71239E+14	3.92329	1.94112E-03
4.70485E+14	3.92250	1.98053E-03
4.69731E+14	3.92171	1.98033E-03
4.68977E+14	3.92091	1.98013E-03
4.68224E+14	3.92012	1.97993E-03
4.67469E+14	3.91933	2.01932E-03
4.66715E+14	3.91850	2.01911E-03
4.65961E+14	3.91771	2.01891E-03
4.65207E+14	3.91688	2.01869E-03
4.64453E+14	3.91604	2.05806E-03
4.63699E+14	3.91525	2.05785E-03
4.62945E+14	3.91442	2.05763E-03
4.62191E+14	3.91359	2.09698E-03
4.61437E+14	3.91272	2.09674E-03
4.60683E+14	3.91189	2.09652E-03
4.59929E+14	3.91106	2.13585E-03
4.59175E+14	3.91019	2.13561E-03
4.58421E+14	3.90936	2.13539E-03
4.57667E+14	3.90849	2.13515E-03
4.56914E+14	3.90762	2.17445E-03
4.56159E+14	3.90675	2.17421E-03
4.55406E+14	3.90588	2.17396E-03
4.54651E+14	3.90501	2.21324E-03
4.53898E+14	3.90410	2.21299E-03
4.53144E+14	3.90323	2.21274E-03
4.52389E+14	3.90232	2.25199E-03
4.51636E+14	3.90141	2.25173E-03
4.50882E+14	3.90051	2.25147E-03
4.50128E+14	3.89960	2.29070E-03
4.49374E+14	3.89869	2.29043E-03
4.48620E+14	3.89778	2.29016E-03
4.47866E+14	3.89687	2.32938E-03
4.47112E+14	3.89593	2.32910E-03
4.46358E+14	3.89498	2.32881E-03
4.45603E+14	3.89403	2.36800E-03
4.44849E+14	3.89312	2.36772E-03
4.44096E+14	3.89214	2.36742E-03
4.43342E+14	3.89119	2.40658E-03
4.42588E+14	3.89024	2.40629E-03
4.41834E+14	3.88926	2.40599E-03
4.41080E+14	3.88831	2.44513E-03
4.40326E+14	3.88732	2.44482E-03
4.39572E+14	3.88634	2.48394E-03
4.38818E+14	3.88535	2.48362E-03
4.38063E+14	3.88433	2.48330E-03
4.37310E+14	3.88334	2.52239E-03
4.36556E+14	3.88232	2.52206E-03
4.35802E+14	3.88133	2.52174E-03
4.35047E+14	3.88031	2.56081E-03
4.34294E+14	3.87928	2.56047E-03
4.33539E+14	3.87822	2.59950E-03
4.32786E+14	3.87720	2.59916E-03
4.32032E+14	3.87617	2.59882E-03
4.31278E+14	3.87511	2.63783E-03
4.30524E+14	3.87405	2.63747E-03
4.29770E+14	3.87298	2.67647E-03
4.29016E+14	3.87192	2.67610E-03
4.28262E+14	3.87086	2.71508E-03
4.27508E+14	3.86976	2.71469E-03
4.26754E+14	3.86866	2.71431E-03
4.26000E+14	3.86759	2.75327E-03
4.25246E+14	3.86649	2.75288E-03
4.24492E+14	3.86535	2.79179E-03
4.23738E+14	3.86425	2.79139E-03
4.22984E+14	3.86311	2.83029E-03
4.22230E+14	3.86201	2.82989E-03
4.21476E+14	3.86087	2.82947E-03
4.20722E+14	3.85973	2.86835E-03
4.19968E+14	3.85859	2.86792E-03
4.19214E+14	3.85741	2.90676E-03
4.18461E+14	3.85623	2.90632E-03
4.17706E+14	3.85510	2.94516E-03
4.16952E+14	3.85392	2.94471E-03
4.16198E+14	3.85270	2.98350E-03
4.15444E+14	3.85152	2.98305E-03
4.14691E+14	3.85031	3.02182E-03
4.13937E+14	3.84913	3.02136E-03
4.13183E+14	3.84791	3.06011E-03
4.12429E+14	3.84670	3.05963E-03
4.11675E+14	3.84544	3.09835E-03
4.10920E+14	3.84423	3.09786E-03
4.10166E+14	3.84297	3.13656E-03
4.09412E+14	3.84172	3.13605E-03
4.08658E+14	3.84046	3.17473E-03
4.07905E+14	3.83917	3.17420E-03
4.07150E+14	3.83792	3.21286E-03
4.06396E+14	3.83662	3.21232E-03
4.05642E+14	3.83533	3.25094E-03
4.04889E+14	3.83400	3.28954E-03
4.04134E+14	3.83271	3.28899E-03
4.03380E+14	3.83137	3.32756E-03
4.02626E+14	3.83004	3.32699E-03
4.01873E+14	3.82871	3.36554E-03
4.01118E+14	3.82738	3.36496E-03
4.00364E+14	3.82601	3.40347E-03
3.99611E+14	3.82464	3.44198E-03
3.98856E+14	3.82328	3.44136E-03
3.98102E+14	3.82191	3.47985E-03
3.97349E+14	3.82050	3.47921E-03
3.96595E+14	3.81909	3.51765E-03
3.95841E+14	3.81769	3.55608E-03
3.95087E+14	3.81628	3.55542E-03
3.94333E+14	3.81483	3.59381E-03
3.93579E+14	3.81343	3.59315E-03
3.92825E+14	3.81198	3.63152E-03
3.92071E+14	3.81050	3.66985E-03
3.91316E+14	3.80905	3.66916E-03
3.90563E+14	3.80757	3.70747E-03
3.89809E+14	3.80609	3.74577E-03
3.89055E+14	3.80457	3.74502E-03
3.88301E+14	3.80308	3.78329E-03
3.87547E+14	3.80156	3.82153E-03
3.86793E+14	3.80004	3.85975E-03
3.86039E+14	3.79848	3.85896E-03
3.85285E+14	3.79696	3.89716E-03
3.84531E+14	3.79540	3.93532E-03
3.83777E+14	3.79381	3.93450E-03
3.83023E+14	3.79225	3.97263E-03
3.82269E+14	3.79065	4.01074E-03
3.81515E+14	3.78906	4.04882E-03
3.80761E+14	3.78742	4.04795E-03
3.80007E+14	3.78579	4.08599E-03
3.79253E+14	3.78415	4.12401E-03
3.78499E+14	3.78252	4.16202E-03
3.77745E+14	3.78085	4.16110E-03
3.76991E+14	3.77917	4.19906E-03
3.76237E+14	3.77750	4.23700E-03
3.75483E+14	3.77579	4.27491E-03
3.74729E+14	3.77412	4.31282E-03
3.73975E+14	3.77237	4.31182E-03
3.73221E+14	3.77066	4.34968E-03
3.72467E+14	3.76892	4.38750E-03
3.71714E+14	3.76713	4.42527E-03
3.70959E+14	3.76538	4.46306E-03
3.70205E+14	3.76360	4.50080E-03
3.69451E+14	3.76181	4.53852E-03
3.68698E+14	3.75999	4.57621E-03
3.67943E+14	3.75817	4.57510E-03
3.67189E+14	3.75635	4.61275E-03
3.66436E+14	3.75449	4.65036E-03
3.65681E+14	3.75263	4.68795E-03
3.64927E+14	3.75077	4.72552E-03
3.64174E+14	3.74887	4.76305E-03
3.63420E+14	3.74697	4.80056E-03
3.62665E+14	3.74504	4.83803E-03
3.61912E+14	3.74310	4.87547E-03
3.61157E+14	3.74117	4.91289E-03
3.60403E+14	3.73919	4.95027E-03
3.59650E+14	3.73722	4.98763E-03
3.58896E+14	3.73521	5.02494E-03
3.58141E+14	3.73320	5.06223E-03
3.57388E+14	3.73119	5.09950E-03
3.56634E+14	3.72915	5.13673E-03
3.55880E+14	3.72710	5.17393E-03
3.55125E+14	3.72505	5.21111E-03
3.54372E+14	3.72297	5.24824E-03
3.53618E+14	3.72085	5.32390E-03
3.52864E+14	3.71872	5.36095E-03
3.52110E+14	3.71660	5.39798E-03
3.51356E+14	3.71444	5.43496E-03
3.50602E+14	3.71229	5.47191E-03
3.49848E+14	3.71009	5.50882E-03
3.49094E+14	3.70789	5.58421E-03
3.48339E+14	3.70566	5.62103E-03
3.47586E+14	3.70343	5.65782E-03
3.46832E+14	3.70120	5.69460E-03
3.46078E+14	3.69893	5.73131E-03
3.45324E+14	3.69662	5.80643E-03
3.44570E+14	3.69431	5.84306E-03
3.43816E+14	3.69201	5.87967E-03
3.43062E+14	3.68966	5.95464E-03
3.42308E+14	3.68728	5.99112E-03
3.41554E+14	3.68490	6.02758E-03
3.40800E+14	3.68248	6.10236E-03
3.40046E+14	3.68006	6.13872E-03
3.39292E+14	3.67761	6.17503E-03
3.38538E+14	3.67515	6.24965E-03
3.37784E+14	3.67266	6.28586E-03
3.37030E+14	3.67017	6.36036E-03
3.36276E+14	3.66764	6.39647E-03
3.35522E+14	3.66512	6.47084E-03
3.34768E+14	3.66255	6.50685E-03
3.34014E+14	3.65995	6.58106E-03
3.33260E+14	3.65735	6.61697E-03
3.32506E+14	3.65471	6.69106E-03
3.31752E+14	3.65203	6.72683E-03
3.30998E+14	3.64936	6.80077E-03
3.30244E+14	3.64665	6.87463E-03
3.29490E+14	3.64393	6.91025E-03
3.28737E+14	3.64119	6.98398E-03
3.27982E+14	3.63844	7.05764E-03
3.27228E+14	3.63562	7.09304E-03
3.26474E+14	3.63279	7.16652E-03
3.25720E+14	3.62997	7.23995E-03
3.24967E+14	3.62708	7.31324E-03
3.24213E+14	3.62418	7.34840E-03
3.23458E+14	3.62129	7.42158E-03
3.22704E+14	3.61832	7.49463E-03
3.21950E+14	3.61536	7.56761E-03
3.21197E+14	3.61235	7.64049E-03
3.20443E+14	3.60935	7.71331E-03
3.19688E+14	3.60627	7.78598E-03
3.18934E+14	3.60320	7.85859E-03
3.18181E+14	3.60008	7.93109E-03
3.17427E+14	3.59694	8.00348E-03
3.16673E+14	3.59379	8.07581E-03
3.15918E+14	3.59060	8.14803E-03
3.15165E+14	3.58738	8.22013E-03
3.14411E+14	3.58413	8.29213E-03
3.13656E+14	3.58083	8.36401E-03
3.12902E+14	3.57750	8.47361E-03
3.12149E+14	3.57417	8.54529E-03
3.11395E+14	3.57081	8.61685E-03
3.10641E+14	3.56741	8.68830E-03
3.09886E+14	3.56393	8.79733E-03
3.09133E+14	3.56046	8.86852E-03
3.08379E+14	3.55699	8.97736E-03
3.07625E+14	3.55345	9.04829E-03
3.06871E+14	3.54986	9.15677E-03
3.06117E+14	3.54625	9.22744E-03
3.05363E+14	3.54260	9.33561E-03
3.04609E+14	3.53894	9.40605E-03
3.03855E+14	3.53522	9.51391E-03
3.03101E+14	3.53146	9.62161E-03
3.02347E+14	3.52767	9.69156E-03
3.01593E+14	3.52387	9.79898E-03
3.00839E+14	3.52001	9.90618E-03
3.00085E+14	3.51611	1.00132E-02
2.99331E+14	3.51217	1.01200E-02
2.98577E+14	3.50820	1.02267E-02
2.97823E+14	3.50415	1.03331E-02
2.97069E+14	3.50011	1.04394E-02
2.96315E+14	3.49599	1.05454E-02
2.95561E+14	3.49184	1.06513E-02
2.94807E+14	3.48766	1.07570E-02
2.94053E+14	3.48344	1.08998E-02
2.93299E+14	3.47919	1.10050E-02
2.92545E+14	3.47486	1.11100E-02
2.91791E+14	3.47050	1.12521E-02
2.91037E+14	3.46610	1.13567E-02
2.90283E+14	3.46164	1.14982E-02
2.89529E+14	3.45714	1.16023E-02
2.88775E+14	3.45260	1.17433E-02
2.88021E+14	3.44799	1.18840E-02
2.87267E+14	3.44335	1.20245E-02
2.86513E+14	3.43864	1.21275E-02
2.85759E+14	3.43389	1.22674E-02
2.85005E+14	3.42911	1.24070E-02
2.84251E+14	3.42426	1.25463E-02
2.83497E+14	3.41934	1.27222E-02
2.82743E+14	3.41439	1.28608E-02
2.81989E+14	3.40937	1.29990E-02
2.81235E+14	3.40431	1.31370E-02
2.80481E+14	3.39918	1.33114E-02
2.79728E+14	3.39398	1.34486E-02
2.78973E+14	3.38875	1.36224E-02
2.78219E+14	3.38345	1.37957E-02
2.77465E+14	3.37808	1.39685E-02
2.76711E+14	3.37268	1.41042E-02
2.75958E+14	3.36717	1.42762E-02
2.75203E+14	3.36163	1.44845E-02
2.74450E+14	3.35602	1.46556E-02
2.73696E+14	3.35035	1.48262E-02
2.72941E+14	3.34460	1.49964E-02
2.72187E+14	3.33879	1.52026E-02
2.71434E+14	3.33291	1.54083E-02
2.70680E+14	3.32696	1.55770E-02
2.69926E+14	3.32090	1.57815E-02
2.69172E+14	3.31482	1.59855E-02
2.68418E+14	3.30863	1.61888E-02
2.67664E+14	3.30241	1.63917E-02
2.66910E+14	3.29609	1.66302E-02
2.66156E+14	3.28967	1.68316E-02
2.65402E+14	3.28318	1.70687E-02
2.64648E+14	3.27662	1.72688E-02
2.63894E+14	3.27000	1.75045E-02
2.63140E+14	3.26324	1.77393E-02
2.62386E+14	3.25645	1.80096E-02
2.61632E+14	3.24956	1.82429E-02
2.60878E+14	3.24257	1.85114E-02
2.60124E+14	3.23547	1.87430E-02
2.59370E+14	3.22828	1.90096E-02
2.58616E+14	3.22103	1.92754E-02
2.57862E+14	3.21367	1.95402E-02
2.57108E+14	3.20622	1.98398E-02
2.56354E+14	3.19866	2.01384E-02
2.55600E+14	3.19098	2.04000E-02
2.54846E+14	3.18323	2.06964E-02
2.54092E+14	3.17538	2.10272E-02
2.53338E+14	3.16740	2.13212E-02
2.52584E+14	3.15929	2.16493E-02
2.51830E+14	3.15112	2.19764E-02
2.51076E+14	3.14278	2.23018E-02
2.50322E+14	3.13438	2.26615E-02
2.49568E+14	3.12582	2.29841E-02
2.48814E+14	3.11716	2.33407E-02
2.48060E+14	3.10837	2.37309E-02
2.47306E+14	3.09945	2.40842E-02
2.46552E+14	3.09041	2.44709E-02
2.45798E+14	3.08124	2.48910E-02
2.45044E+14	3.07191	2.52739E-02
2.44290E+14	3.06245	2.56900E-02
2.43536E+14	3.05286	2.61390E-02
2.42782E+14	3.04312	2.65508E-02
2.42028E+14	3.03325	2.69954E-02
2.41274E+14	3.02322	2.74724E-02
2.40520E+14	3.01304	2.79469E-02
2.39766E+14	3.00267	2.84186E-02
2.39012E+14	2.99217	2.89224E-02
2.38258E+14	2.98152	2.94235E-02
2.37504E+14	2.97065	2.99558E-02
2.36751E+14	2.95966	3.04853E-02
2.35996E+14	2.94845	3.10457E-02
2.35242E+14	2.93709	3.16028E-02
2.34488E+14	2.92555	3.21907E-02
2.33734E+14	2.91379	3.28087E-02
2.32981E+14	2.90185	3.34229E-02
2.32227E+14	2.88973	3.40670E-02
2.31473E+14	2.87736	3.47404E-02
2.30719E+14	2.86482	3.54094E-02
2.29965E+14	2.85207	3.61074E-02
2.29211E+14	2.83907	3.68339E-02
2.28456E+14	2.82584	3.75885E-02
2.27703E+14	2.81240	3.83711E-02
2.26949E+14	2.79872	3.91812E-02
2.26195E+14	2.78478	3.99847E-02
2.25441E+14	2.77058	4.08481E-02
2.24687E+14	2.75614	4.17377E-02
2.23933E+14	2.74144	4.26529E-02
2.23179E+14	2.72645	4.35930E-02
2.22425E+14	2.71117	4.45905E-02
2.21671E+14	2.69564	4.56120E-02
2.20917E+14	2.67976	4.66562E-02
2.20163E+14	2.66360	4.77558E-02
2.19409E+14	2.64713	4.89097E-02
2.18655E+14	2.63035	5.00846E-02
2.17901E+14	2.61321	5.13115E-02
2.17147E+14	2.59573	5.25899E-02
2.16393E+14	2.57789	5.39184E-02
2.15639E+14	2.55967	5.52957E-02
2.14885E+14	2.54109	5.67528E-02
2.14131E+14	2.52214	5.82563E-02
2.13377E+14	2.50275	5.98358E-02
2.12623E+14	2.48295	6.14901E-02
2.11869E+14	2.46274	6.31857E-02
2.11115E+14	2.44207	6.49833E-02
2.10361E+14	2.42092	6.68803E-02
2.09607E+14	2.39931	6.88433E-02
2.08853E+14	2.37720	7.09315E-02
2.08099E+14	2.35461	7.31112E-02
2.07345E+14	2.33149	7.53786E-02
2.06591E+14	2.30780	7.77912E-02
2.05837E+14	2.28353	8.03142E-02
2.05083E+14	2.25870	8.30039E-02
2.04329E+14	2.23324	8.58245E-02
2.03575E+14	2.20718	8.87713E-02
2.02821E+14	2.18044	9.19260E-02
2.02067E+14	2.15303	9.52524E-02
2.01313E+14	2.12494	9.87724E-02
2.00559E+14	2.09609	1.02534E-01
1.99805E+14	2.06647	1.06498E-01
1.99051E+14	2.03608	1.10712E-01
1.98297E+14	2.00485	1.15219E-01
1.97543E+14	1.97276	1.20004E-01
1.96789E+14	1.93980	1.25135E-01
1.96035E+14	1.90592	1.30594E-01
1.95281E+14	1.87110	1.36441E-01
1.94527E+14	1.83526	1.42705E-01
1.93773E+14	1.79840	1.49441E-01
1.93019E+14	1.76048	1.56667E-01
1.92266E+14	1.72144	1.64428E-01
1.91511E+14	1.68126	1.72809E-01
1.90758E+14	1.63988	1.81813E-01
1.90004E+14	1.59729	1.91536E-01
1.89250E+14	1.55343	2.02062E-01
1.88496E+14	1.50827	2.13436E-01
1.87742E+14	1.46176	2.25739E-01
1.86988E+14	1.41391	2.39064E-01
1.86234E+14	1.36465	2.53522E-01
1.85480E+14	1.31399	2.69184E-01
1.84726E+14	1.26189	2.86185E-01
1.83972E+14	1.20836	3.04628E-01
1.83218E+14	1.15340	3.24654E-01
1.82464E+14	1.09702	3.46340E-01
1.81710E+14	1.03928	3.69864E-01
1.80956E+14	0.98017	3.95311E-01
1.80202E+14	0.91976	4.22850E-01
1.79448E+14	0.85813	4.52565E-01
1.78694E+14	0.79536	4.84581E-01
1.77940E+14	0.73155	5.19001E-01
1.77186E+14	0.66678	5.55900E-01
1.76432E+14	0.60119	5.95350E-01
1.75678E+14	0.53483	6.37410E-01
1.74924E+14	0.46786	6.82087E-01
1.74170E+14	0.40033	7.29419E-01
1.73416E+14	0.33232	7.79377E-01
1.72662E+14	0.26387	8.31993E-01
1.71908E+14	0.19498	8.87227E-01
1.71154E+14	0.12568	9.45103E-01
1.70400E+14	0.05591	1.00565E+00
1.69646E+14	-0.01437	1.06892E+00
1.68892E+14	-0.08523	1.13503E+00
1.68138E+14	-0.15668	1.20408E+00
1.67384E+14	-0.22879	1.27623E+00
1.66630E+14	-0.30156	1.35169E+00
1.65876E+14	-0.37493	1.43065E+00
1.65122E+14	-0.44889	1.51335E+00
1.64368E+14	-0.52334	1.59993E+00
1.63614E+14	-0.59819	1.69063E+00
1.62860E+14	-0.67329	1.78563E+00
1.62106E+14	-0.74860	1.88508E+00
1.61352E+14	-0.82403	1.98914E+00
1.60598E+14	-0.89951	2.09799E+00
1.59844E+14	-0.97505	2.21196E+00
1.59090E+14	-1.05064	2.33134E+00
1.58336E+14	-1.12618	2.45650E+00
1.57582E+14	-1.20156	2.58803E+00
1.56828E+14	-1.27651	2.72653E+00
1.56074E+14	-1.35066	2.87264E+00
1.55320E+14	-1.42330	3.02709E+00
1.54566E+14	-1.49364	3.19037E+00
1.53812E+14	-1.56064	3.36301E+00
1.53058E+14	-1.62308	3.54520E+00
1.52304E+14	-1.67971	3.73687E+00
1.51550E+14	-1.72927	3.93771E+00
1.50796E+14	-1.77064	4.14715E+00
1.50043E+14	-1.80284	4.36439E+00
1.49289E+14	-1.82506	4.58849E+00
1.48534E+14	-1.83684	4.81834E+00
1.47781E+14	-1.83792	5.05296E+00
1.47027E+14	-1.82835	5.29142E+00
1.46273E+14	-1.80833	5.53286E+00
1.45519E+14	-1.77827	5.77665E+00
1.44765E+14	-1.73874	6.02258E+00
1.44011E+14	-1.69031	6.27068E+00
1.43257E+14	-1.63327	6.52144E+00
1.42503E+14	-1.56770	6.77564E+00
1.41749E+14	-1.49316	7.03431E+00
1.40995E+14	-1.40857	7.29843E+00
1.40241E+14	-1.31219	7.56888E+00
1.39487E+14	-1.20174	7.84594E+00
1.38733E+14	-1.07443	8.12905E+00
1.37979E+14	-0.92734	8.41680E+00
1.37225E+14	-0.75797	8.70657E+00
1.36471E+14	-0.56435	8.99493E+00
1.35717E+14	-0.34583	9.27763E+00
1.34963E+14	-0.10293	9.55031E+00
1.34209E+14	0.16242	9.80899E+00
1.33455E+14	0.44698	1.00506E+01
1.32701E+14	0.74701	1.02735E+01
1.31947E+14	1.05865	1.04775E+01
1.31202E+14	1.37179	1.06791E+01
1.30465E+14	1.65784	1.08056E+01
1.29736E+14	1.95271	1.09187E+01
1.29015E+14	2.25459	1.10203E+01
1.28302E+14	2.56149	1.11118E+01
1.27597E+14	2.87185	1.11935E+01
1.26900E+14	3.18425	1.12652E+01
1.26211E+14	3.49750	1.13259E+01
1.25529E+14	3.81061	1.13741E+01
1.24854E+14	4.12279	1.14079E+01
1.24186E+14	4.43308	1.14257E+01
1.23526E+14	4.74073	1.14254E+01
1.22872E+14	5.04498	1.14058E+01
1.22226E+14	5.34510	1.13657E+01
1.21586E+14	5.64049	1.13049E+01
1.20952E+14	5.93067	1.12232E+01
1.20326E+14	6.21537	1.11214E+01
1.19706E+14	6.49446	1.10004E+01
1.19092E+14	6.76753	1.08617E+01
1.18484E+14	7.03445	1.07071E+01
1.17883E+14	7.29479	1.05385E+01
1.17288E+14	7.54803	1.03577E+01
1.16698E+14	7.79362	1.01663E+01
1.16115E+14	8.03080	9.96611E+00
1.15537E+14	8.25883	9.75797E+00
1.14965E+14	8.47716	9.54270E+00
1.14399E+14	8.68513	9.32081E+00
1.13838E+14	8.88228	9.09230E+00
1.13283E+14	9.06803	8.85703E+00
1.12733E+14	9.24204	8.61472E+00
1.12189E+14	9.40382	8.36519E+00
1.11649E+14	9.55279	8.10815E+00
1.11115E+14	9.68821	7.84327E+00
1.10586E+14	9.80921	7.57049E+00
1.10062E+14	9.91472	7.28986E+00
1.09543E+14	10.00335	7.00127E+00
1.09029E+14	10.07360	6.70500E+00
1.08519E+14	10.12403	6.40114E+00
1.08014E+14	10.15315	6.09018E+00
1.07514E+14	10.16001	5.77256E+00
1.07019E+14	10.14431	5.44914E+00
1.06528E+14	10.10643	5.12117E+00
1.06042E+14	10.04793	4.79014E+00
1.05560E+14	9.97102	4.45821E+00
1.05082E+14	9.87848	4.12782E+00
1.04609E+14	9.77351	3.80185E+00
1.04140E+14	9.65888	3.48349E+00
1.03675E+14	9.53736	3.17611E+00
1.03214E+14	9.41107	2.88312E+00
1.02758E+14	9.28196	2.60738E+00
1.02305E+14	9.15156	2.35132E+00
1.01856E+14	9.02122	2.11627E+00
1.01412E+14	8.89207	1.90291E+00
1.00971E+14	8.76489	1.71081E+00
1.00534E+14	8.64052	1.53902E+00
1.00100E+14	8.51946	1.38612E+00
9.96707E+13	8.40211	1.25048E+00
9.92448E+13	8.28873	1.13032E+00
9.88225E+13	8.17945	1.02403E+00
9.84038E+13	8.07434	9.29920E-01
9.79886E+13	7.97331	8.46604E-01
9.75770E+13	7.87635	7.72653E-01
9.71687E+13	7.78337	7.07010E-01
9.67639E+13	7.69420	6.48599E-01
9.63624E+13	7.60869	5.96544E-01
9.59642E+13	7.52669	5.49995E-01
9.55694E+13	7.44806	5.08347E-01
9.51777E+13	7.37262	4.70957E-01
9.47893E+13	7.30021	4.37308E-01
9.44040E+13	7.23065	4.06951E-01
9.40218E+13	7.16388	3.79560E-01
9.36427E+13	7.09966	3.54758E-01
9.32667E+13	7.03789	3.32183E-01
9.28936E+13	6.97843	3.11689E-01
9.25236E+13	6.92117	2.92980E-01
9.21564E+13	6.86603	2.75870E-01
9.17922E+13	6.81285	2.60227E-01
9.14308E+13	6.76156	2.45873E-01
9.10723E+13	6.71209	2.32686E-01
9.07166E+13	6.66428	2.20493E-01
9.03636E+13	6.61806	2.09278E-01
9.00134E+13	6.57341	1.98876E-01
8.96659E+13	6.53018	1.89274E-01
8.93211E+13	6.48835	1.80361E-01
8.89789E+13	6.44781	1.72024E-01
8.86393E+13	6.40855	1.64309E-01
8.83023E+13	6.37052	1.57105E-01
8.79678E+13	6.33364	1.50357E-01
8.76359E+13	6.29782	1.44108E-01
8.73064E+13	6.26305	1.38202E-01
8.69795E+13	6.22926	1.32637E-01
8.66549E+13	6.19646	1.27457E-01
8.63328E+13	6.16458	1.22560E-01
8.60131E+13	6.13357	1.17991E-01
8.56957E+13	6.10338	1.13648E-01
8.53807E+13	6.07406	1.09529E-01
8.50680E+13	6.04548	1.05681E-01
8.47575E+13	6.01761	1.02003E-01
8.44493E+13	5.99049	9.85416E-02
8.41434E+13	5.96406	9.52954E-02
8.38396E+13	5.93827	9.21647E-02
8.35381E+13	5.91317	8.91973E-02
8.32387E+13	5.88865	8.63912E-02
8.29414E+13	5.86472	8.36967E-02
8.26463E+13	5.84132	8.11608E-02
8.23532E+13	5.81854	7.87349E-02
8.20622E+13	5.79624	7.64169E-02
8.17733E+13	5.77446	7.42065E-02
8.14864E+13	5.75320	7.21028E-02
8.12015E+13	5.73241	7.00569E-02
8.09186E+13	5.71204	6.81159E-02
8.06376E+13	5.69214	6.62792E-02
8.03586E+13	5.67269	6.44986E-02
8.00816E+13	5.65366	6.27734E-02
7.98064E+13	5.63500	6.11504E-02
7.95331E+13	5.61674	5.95818E-02
7.92617E+13	5.59889	5.80673E-02
7.89921E+13	5.58140	5.66062E-02
7.87243E+13	5.56422	5.52452E-02
7.84584E+13	5.54745	5.38900E-02
7.81942E+13	5.53098	5.25869E-02
7.79319E+13	5.51482	5.13358E-02
7.76712E+13	5.49900	5.01365E-02
7.74123E+13	5.48350	4.89886E-02
7.71552E+13	5.46824	4.78915E-02
7.68997E+13	5.45334	4.67986E-02
7.66459E+13	5.43864	4.57560E-02
7.63938E+13	5.42429	4.47640E-02
7.61434E+13	5.41019	4.37753E-02
7.58945E+13	5.39629	4.28363E-02
7.56473E+13	5.38269	4.19470E-02
7.54018E+13	5.36934	4.10608E-02
7.51577E+13	5.35623	4.02238E-02
7.49153E+13	5.34333	3.93893E-02
7.46744E+13	5.33067	3.86038E-02
7.44351E+13	5.31821	3.78207E-02
7.41973E+13	5.30596	3.70860E-02
7.39610E+13	5.29394	3.63537E-02
7.37263E+13	5.28212	3.56237E-02
7.34930E+13	5.27050	3.49416E-02
7.32611E+13	5.25908	3.43075E-02
7.30308E+13	5.24785	3.36294E-02
7.28018E+13	5.23677	3.29989E-02
7.25744E+13	5.22593	3.24160E-02
7.23483E+13	5.21519	3.17890E-02
7.21236E+13	5.20469	3.12094E-02
7.19003E+13	5.19430	3.06768E-02
7.16784E+13	5.18409	3.01002E-02
7.14579E+13	5.17408	2.95707E-02
7.12387E+13	5.16422	2.90880E-02
7.10209E+13	5.15445	2.85610E-02
7.08044E+13	5.14487	2.80808E-02
7.05892E+13	5.13544	2.76018E-02
7.03753E+13	5.12616	2.71240E-02
7.01627E+13	5.11702	2.66927E-02
6.99513E+13	5.10797	2.62170E-02
6.97413E+13	5.09907	2.57877E-02
6.95325E+13	5.09032	2.54046E-02
6.93249E+13	5.08170	2.49773E-02
6.91186E+13	5.07323	2.45511E-02
6.89135E+13	5.06481	2.41706E-02
6.87097E+13	5.05658	2.37911E-02
6.85070E+13	5.04844	2.34125E-02
6.83055E+13	5.04040	2.30795E-02
6.81052E+13	5.03246	2.27024E-02
6.79061E+13	5.02466	2.23710E-02
6.77081E+13	5.01699	2.19955E-02
6.75113E+13	5.00938	2.16655E-02
6.73156E+13	5.00191	2.13362E-02
6.71211E+13	4.99449	2.10522E-02
6.69277E+13	4.98721	2.07242E-02
6.67354E+13	4.98002	2.04415E-02
6.65442E+13	4.97292	2.01147E-02
6.63540E+13	4.96593	1.98331E-02
6.61650E+13	4.95902	1.95521E-02
6.59770E+13	4.95221	1.92716E-02
6.57902E+13	4.94549	1.89917E-02
6.56043E+13	4.93882	1.87566E-02
6.54195E+13	4.93229	1.84777E-02
6.52358E+13	4.92581	1.81992E-02
6.50530E+13	4.91942	1.79656E-02
6.48713E+13	4.91312	1.77325E-02
6.46907E+13	4.90687	1.74997E-02
6.45110E+13	4.90072	1.72231E-02
6.43323E+13	4.89465	1.69912E-02
6.41546E+13	4.88864	1.68038E-02
6.39778E+13	4.88272	1.65727E-02
6.38021E+13	4.87684	1.63419E-02
6.36273E+13	4.87106	1.61115E-02
6.34535E+13	4.86536	1.59256E-02
6.32806E+13	4.85972	1.56959E-02
6.31086E+13	4.85412	1.55106E-02
6.29376E+13	4.84862	1.53256E-02
6.27675E+13	4.84316	1.51410E-02
6.25983E+13	4.83779	1.49126E-02
6.24301E+13	4.83247	1.47285E-02
6.22627E+13	4.82719	1.45447E-02
6.20962E+13	4.82201	1.43613E-02
6.19307E+13	4.81687	1.42219E-02
6.17660E+13	4.81178	1.40389E-02
6.16021E+13	4.80678	1.38562E-02
6.14392E+13	4.80183	1.36738E-02
6.12771E+13	4.79692	1.35354E-02
6.11158E+13	4.79206	1.33534E-02
6.09554E+13	4.78725	1.32154E-02
6.07959E+13	4.78252	1.30339E-02
6.06371E+13	4.77780	1.28963E-02
6.04792E+13	4.77317	1.27590E-02
6.03222E+13	4.76858	1.25782E-02
6.01659E+13	4.76404	1.24412E-02
6.00104E+13	4.75955	1.23044E-02
5.98558E+13	4.75514	1.21679E-02
5.97019E+13	4.75074	1.20315E-02
5.95488E+13	4.74638	1.18953E-02
5.93965E+13	4.74207	1.17592E-02
5.92450E+13	4.73784	1.16234E-02
5.90943E+13	4.73362	1.14876E-02
5.89443E+13	4.72944	1.13521E-02
5.87951E+13	4.72531	1.12167E-02
5.86466E+13	4.72123	1.11249E-02
5.84989E+13	4.71723	1.09899E-02
5.83519E+13	4.71323	1.08550E-02
5.82057E+13	4.70924	1.07636E-02
5.80602E+13	4.70534	1.06290E-02
5.79154E+13	4.70148	1.05379E-02
5.77713E+13	4.69766	1.04036E-02
5.76280E+13	4.69385	1.03127E-02
5.74854E+13	4.69008	1.01786E-02
5.73434E+13	4.68635	1.00880E-02
5.72022E+13	4.68267	9.95417E-03
5.70616E+13	4.67904	9.86378E-03
5.69218E+13	4.67545	9.77351E-03
5.67826E+13	4.67186	9.68330E-03
5.66441E+13	4.66832	9.54998E-03
5.65063E+13	4.66482	9.46001E-03
5.63692E+13	4.66132	9.37010E-03
5.62327E+13	4.65791	9.28035E-03
5.60969E+13	4.65450	9.19065E-03
5.59617E+13	4.65113	9.10106E-03
5.58272E+13	4.64777	9.01154E-03
5.56933E+13	4.64449	8.92216E-03
5.55601E+13	4.64122	8.83284E-03
5.54275E+13	4.63795	8.74358E-03
5.52955E+13	4.63476	8.65446E-03
5.51642E+13	4.63157	8.56540E-03
5.50335E+13	4.62839	8.47640E-03
5.49034E+13	4.62529	8.38754E-03
5.47739E+13	4.62220	8.29873E-03
5.46450E+13	4.61914	8.25300E-03
5.45168E+13	4.61609	8.16434E-03
5.43891E+13	4.61308	8.07577E-03
5.42620E+13	4.61008	7.98725E-03
5.41355E+13	4.60712	7.94175E-03
5.40096E+13	4.60420	7.85341E-03
5.38843E+13	4.60128	7.76512E-03
5.37596E+13	4.59841	7.71980E-03
5.36355E+13	4.59558	7.63168E-03
5.35119E+13	4.59275	7.54361E-03
5.33889E+13	4.58996	7.49847E-03
5.32664E+13	4.58718	7.41052E-03
5.31445E+13	4.58443	7.36549E-03
5.30232E+13	4.58169	7.27767E-03
5.29024E+13	4.57900	7.23273E-03
5.27822E+13	4.57630	7.14503E-03
5.26625E+13	4.57365	7.10019E-03
5.25434E+13	4.57100	7.01261E-03
5.24248E+13	4.56839	6.96786E-03
5.23067E+13	4.56583	6.88043E-03
5.21892E+13	4.56326	6.83578E-03
5.20722E+13	4.56070	6.79114E-03
5.19557E+13	4.55818	6.70387E-03
5.18397E+13	4.55570	6.65936E-03
5.17243E+13	4.55323	6.61487E-03
5.16093E+13	4.55075	6.52775E-03
5.14949E+13	4.54832	6.48335E-03
5.13810E+13	4.54589	6.43897E-03
5.12676E+13	4.54350	6.35202E-03
5.11546E+13	4.54112	6.30773E-03
5.10422E+13	4.53877	6.26349E-03
5.09303E+13	4.53643	6.21928E-03
5.08188E+13	4.53409	6.17509E-03
5.07079E+13	4.53179	6.08837E-03
5.05974E+13	4.52953	6.04429E-03
5.04874E+13	4.52728	6.00023E-03
5.03779E+13	4.52502	5.95619E-03
5.02689E+13	4.52281	5.91220E-03
5.01603E+13	4.52060	5.86823E-03
5.00522E+13	4.51839	5.78177E-03
4.99446E+13	4.51622	5.73788E-03
4.98374E+13	4.51405	5.69401E-03
4.97307E+13	4.51193	5.65019E-03
4.96244E+13	4.50980	5.60638E-03
4.95186E+13	4.50768	5.56260E-03
4.94133E+13	4.50560	5.51886E-03
4.93084E+13	4.50352	5.47515E-03
4.92039E+13	4.50148	5.43148E-03
4.90999E+13	4.49945	5.38782E-03
4.89963E+13	4.49741	5.34419E-03
4.88931E+13	4.49542	5.30060E-03
4.87904E+13	4.49342	5.25703E-03
4.86882E+13	4.49143	5.21348E-03
4.85863E+13	4.48948	5.16997E-03
4.84849E+13	4.48753	5.12648E-03
4.83839E+13	4.48563	5.08303E-03
4.82833E+13	4.48368	5.03958E-03
4.81831E+13	4.48177	4.99617E-03
4.80834E+13	4.47991	4.99513E-03
4.79840E+13	4.47800	4.95174E-03
4.78851E+13	4.47619	4.90842E-03
4.77866E+13	4.47432	4.86510E-03
4.76884E+13	4.47250	4.82181E-03
4.75907E+13	4.47069	4.77854E-03
4.74934E+13	4.46887	4.73529E-03
4.73965E+13	4.46709	4.69208E-03
4.73000E+13	4.46532	4.69115E-03
4.72038E+13	4.46354	4.64796E-03
4.71081E+13	4.46177	4.60479E-03
4.70127E+13	4.46004	4.56166E-03
4.69177E+13	4.45830	4.51855E-03
4.68232E+13	4.45662	4.51769E-03
4.67289E+13	4.45488	4.47460E-03
4.66351E+13	4.45320	4.43155E-03
4.65417E+13	4.45155	4.38853E-03
4.64486E+13	4.44986	4.38770E-03
4.63559E+13	4.44822	4.34470E-03
4.62635E+13	4.44657	4.30173E-03
4.61716E+13	4.44497	4.25879E-03
4.60800E+13	4.44333	4.25800E-03
4.59887E+13	4.44172	4.21508E-03
4.58978E+13	4.44012	4.17218E-03
4.58073E+13	4.43856	4.17144E-03
4.57171E+13	4.43696	4.12856E-03
4.56273E+13	4.43540	4.08572E-03
4.55379E+13	4.43389	4.04291E-03
4.54488E+13	4.43233	4.04220E-03
4.53600E+13	4.43081	3.99941E-03
4.52716E+13	4.42930	3.95663E-03
4.51835E+13	4.42778	3.95595E-03
4.50958E+13	4.42627	3.91320E-03
4.50084E+13	4.42480	3.87048E-03
4.49213E+13	4.42332	3.86983E-03
4.48346E+13	4.42185	3.82713E-03
4.47482E+13	4.42038	3.82650E-03
4.46622E+13	4.41895	3.78383E-03
4.45764E+13	4.41752	3.74119E-03
4.44911E+13	4.41609	3.74058E-03
4.44060E+13	4.41466	3.69795E-03
4.43212E+13	4.41328	3.69737E-03
4.42368E+13	4.41185	3.65477E-03
4.41527E+13	4.41046	3.61219E-03
4.40690E+13	4.40908	3.61162E-03
4.39855E+13	4.40773	3.56908E-03
4.39023E+13	4.40635	3.56852E-03
4.38195E+13	4.40500	3.52600E-03
4.37370E+13	4.40366	3.52546E-03
4.36548E+13	4.40232	3.48296E-03
4.35729E+13	4.40102	3.44049E-03
4.34913E+13	4.39967	3.43997E-03
4.34100E+13	4.39837	3.39751E-03
4.33290E+13	4.39707	3.39701E-03
4.32483E+13	4.39581	3.35459E-03
4.31679E+13	4.39451	3.35410E-03
4.30879E+13	4.39326	3.31170E-03
4.30081E+13	4.39196	3.31121E-03
4.29286E+13	4.39070	3.26882E-03
4.28494E+13	4.38949	3.26837E-03
4.27705E+13	4.38823	3.22601E-03
4.26918E+13	4.38697	3.22555E-03
4.26135E+13	4.38576	3.18321E-03
4.25355E+13	4.38454	3.18277E-03
4.24577E+13	4.38333	3.14046E-03
4.23802E+13	4.38216	3.14004E-03
4.23030E+13	4.38094	3.09774E-03
4.22261E+13	4.37977	3.09733E-03
4.21495E+13	4.37856	3.05505E-03
4.20731E+13	4.37738	3.05464E-03
4.19971E+13	4.37625	3.01241E-03
4.19213E+13	4.37508	3.01200E-03
4.18457E+13	4.37391	3.01160E-03
4.17705E+13	4.37278	2.96939E-03
4.16955E+13	4.37165	2.96901E-03
4.16208E+13	4.37052	2.92681E-03
4.15463E+13	4.36940	2.92643E-03
4.14721E+13	4.36827	2.88426E-03
4.13982E+13	4.36718	2.88390E-03
4.13245E+13	4.36609	2.88354E-03
4.12511E+13	4.36497	2.84138E-03
4.11780E+13	4.36388	2.84103E-03
4.11051E+13	4.36279	2.79890E-03
4.10325E+13	4.36175	2.79856E-03
4.09601E+13	4.36066	2.75645E-03
4.08880E+13	4.35962	2.75612E-03
4.08162E+13	4.35853	2.75578E-03
4.07446E+13	4.35749	2.71370E-03
4.06732E+13	4.35645	2.71337E-03
4.06021E+13	4.35540	2.67131E-03
4.05312E+13	4.35440	2.67100E-03
4.04606E+13	4.35336	2.67068E-03
4.03903E+13	4.35236	2.62865E-03
4.03202E+13	4.35135	2.62835E-03
4.02503E+13	4.35031	2.62803E-03
4.01806E+13	4.34935	2.58603E-03
4.01112E+13	4.34835	2.58573E-03
4.00421E+13	4.34735	2.54374E-03
3.99732E+13	4.34635	2.54344E-03
3.99045E+13	4.34539	2.54316E-03
3.98361E+13	4.34443	2.50120E-03
3.97678E+13	4.34347	2.50092E-03
3.96999E+13	4.34251	2.50064E-03
3.96321E+13	4.34156	2.45870E-03
3.95646E+13	4.34060	2.45842E-03
3.94973E+13	4.33964	2.45815E-03
3.94303E+13	4.33872	2.41623E-03
3.93634E+13	4.33776	2.41597E-03
3.92968E+13	4.33685	2.41571E-03
3.92305E+13	4.33593	2.37381E-03
3.91643E+13	4.33502	2.37356E-03
3.90984E+13	4.33410	2.37331E-03
3.90327E+13	4.33318	2.33143E-03
3.89672E+13	4.33231	2.33119E-03
3.89019E+13	4.33139	2.33094E-03
3.88369E+13	4.33052	2.28909E-03
3.87720E+13	4.32965	2.28886E-03
3.87074E+13	4.32873	2.28862E-03
3.86430E+13	4.32786	2.24678E-03
3.85788E+13	4.32698	2.24655E-03
3.85148E+13	4.32615	2.24634E-03
3.84511E+13	4.32528	2.24611E-03
3.83875E+13	4.32440	2.20429E-03
3.83242E+13	4.32357	2.20408E-03
3.82610E+13	4.32270	2.20386E-03
3.81981E+13	4.32187	2.16207E-03
3.81354E+13	4.32103	2.16186E-03
3.80729E+13	4.32020	2.16165E-03
3.80106E+13	4.31937	2.11988E-03
3.79485E+13	4.31854	2.11967E-03
3.78866E+13	4.31775	2.11948E-03
3.78248E+13	4.31692	2.11927E-03
3.77633E+13	4.31613	2.07753E-03
3.77020E+13	4.31530	2.07733E-03
3.76409E+13	4.31451	2.07714E-03
3.75800E+13	4.31372	2.07695E-03
3.75193E+13	4.31293	2.03522E-03
3.74588E+13	4.31214	2.03504E-03
3.73985E+13	4.31135	2.03485E-03
3.73384E+13	4.31056	1.99314E-03
3.72784E+13	4.30978	1.99296E-03
3.72187E+13	4.30903	1.99279E-03
3.71592E+13	4.30824	1.99260E-03
3.70998E+13	4.30749	1.95092E-03
3.70406E+13	4.30675	1.95075E-03
3.69816E+13	4.30596	1.95058E-03
3.69229E+13	4.30521	1.95041E-03
3.68642E+13	4.30446	1.90874E-03
3.68058E+13	4.30372	1.90858E-03
3.67476E+13	4.30301	1.90842E-03
3.66895E+13	4.30226	1.90825E-03
3.66317E+13	4.30152	1.86661E-03
3.65740E+13	4.30081	1.86646E-03
3.65165E+13	4.30007	1.86629E-03
3.64592E+13	4.29936	1.86614E-03
3.64020E+13	4.29866	1.86599E-03
3.63450E+13	4.29791	1.82436E-03
3.62883E+13	4.29720	1.82421E-03
3.62317E+13	4.29650	1.82406E-03
3.61752E+13	4.29579	1.82391E-03
3.61190E+13	4.29513	1.78232E-03
3.60629E+13	4.29443	1.78218E-03
3.60070E+13	4.29372	1.78203E-03
3.59512E+13	4.29306	1.78189E-03
3.58957E+13	4.29236	1.78175E-03
3.58403E+13	4.29169	1.74018E-03
3.57850E+13	4.29099	1.74003E-03
3.57300E+13	4.29032	1.73990E-03
3.56751E+13	4.28966	1.73977E-03
3.56204E+13	4.28900	1.69821E-03
3.55659E+13	4.28834	1.69808E-03
3.55115E+13	4.28767	1.69795E-03
3.54573E+13	4.28701	1.69782E-03
3.54032E+13	4.28635	1.69769E-03
3.53493E+13	4.28573	1.65616E-03
3.52956E+13	4.28507	1.65603E-03
3.52420E+13	4.28440	1.65590E-03
3.51886E+13	4.28378	1.65578E-03
3.51354E+13	4.28316	1.65566E-03
3.50823E+13	4.28250	1.61415E-03
3.50294E+13	4.28188	1.61403E-03
3.49767E+13	4.28126	1.61391E-03
3.49241E+13	4.28064	1.61380E-03
3.48716E+13	4.28002	1.61368E-03
3.48194E+13	4.27940	1.57219E-03
3.47672E+13	4.27877	1.57208E-03
3.47153E+13	4.27815	1.57196E-03
3.46635E+13	4.27758	1.57185E-03
3.46118E+13	4.27695	1.57174E-03
3.45603E+13	4.27633	1.53027E-03
3.45089E+13	4.27576	1.53016E-03
3.44577E+13	4.27514	1.53005E-03
3.44067E+13	4.27456	1.52995E-03
3.43558E+13	4.27398	1.52985E-03
3.43051E+13	4.27340	1.52974E-03
3.42545E+13	4.27278	1.48829E-03
3.42040E+13	4.27220	1.48819E-03
3.41537E+13	4.27162	1.48809E-03
3.41036E+13	4.27104	1.48799E-03
3.40536E+13	4.27046	1.48789E-03
3.40037E+13	4.26993	1.48779E-03
3.39540E+13	4.26935	1.44637E-03
3.39044E+13	4.26877	1.44627E-03
3.38550E+13	4.26819	1.44617E-03
3.38057E+13	4.26765	1.44608E-03
3.37566E+13	4.26708	1.44598E-03
3.37076E+13	4.26654	1.44589E-03
3.36587E+13	4.26600	1.40449E-03
3.36100E+13	4.26542	1.40440E-03
3.35615E+13	4.26489	1.40431E-03
3.35130E+13	4.26435	1.40422E-03
3.34648E+13	4.26381	1.40413E-03
3.34166E+13	4.26328	1.40404E-03
3.33686E+13	4.26274	1.36266E-03
3.33207E+13	4.26220	1.36258E-03
3.32730E+13	4.26166	1.36249E-03
3.32254E+13	4.26113	1.36241E-03
3.31779E+13	4.26059	1.36232E-03
3.31306E+13	4.26005	1.36223E-03
3.30834E+13	4.25956	1.32088E-03
3.30363E+13	4.25902	1.32079E-03
3.29894E+13	4.25853	1.32072E-03
3.29426E+13	4.25799	1.32063E-03
3.28960E+13	4.25750	1.32056E-03
3.28494E+13	4.25696	1.32047E-03
3.28030E+13	4.25646	1.32040E-03
3.27568E+13	4.25597	1.27906E-03
3.27106E+13	4.25547	1.27899E-03
3.26646E+13	4.25494	1.27891E-03
3.26188E+13	4.25444	1.27883E-03
3.25730E+13	4.25395	1.27876E-03
3.25274E+13	4.25345	1.27868E-03
3.24819E+13	4.25296	1.27861E-03
3.24365E+13	4.25250	1.23730E-03
3.23913E+13	4.25201	1.23722E-03
3.23462E+13	4.25151	1.23715E-03
3.23012E+13	4.25102	1.23708E-03
3.22563E+13	4.25057	1.23701E-03
3.22116E+13	4.25007	1.23694E-03
3.21670E+13	4.24958	1.23687E-03
3.21225E+13	4.24912	1.23680E-03
3.20781E+13	4.24863	1.19551E-03
3.20339E+13	4.24817	1.19544E-03
3.19898E+13	4.24772	1.19538E-03
3.19458E+13	4.24723	1.19531E-03
3.19019E+13	4.24677	1.19525E-03
3.18581E+13	4.24632	1.19518E-03
3.18145E+13	4.24587	1.19512E-03
3.17710E+13	4.24541	1.15385E-03
3.17276E+13	4.24496	1.15378E-03
3.16843E+13	4.24451	1.15372E-03
3.16411E+13	4.24405	1.15366E-03
3.15981E+13	4.24360	1.15360E-03
3.15551E+13	4.24315	1.15354E-03
3.15123E+13	4.24269	1.15348E-03
3.14696E+13	4.24224	1.15342E-03
3.14270E+13	4.24183	1.11217E-03
3.13846E+13	4.24138	1.11211E-03
3.13422E+13	4.24092	1.11205E-03
3.13000E+13	4.24051	1.11200E-03
3.12579E+13	4.24006	1.11194E-03
3.12158E+13	4.23965	1.11188E-03
3.11739E+13	4.23919	1.11182E-03
3.11322E+13	4.23878	1.11177E-03
3.10905E+13	4.23833	1.11171E-03
3.10489E+13	4.23792	1.07048E-03
3.10075E+13	4.23750	1.07043E-03
3.09661E+13	4.23705	1.07037E-03
3.09249E+13	4.23664	1.07032E-03
3.08838E+13	4.23623	1.07027E-03
3.08428E+13	4.23582	1.07022E-03
3.08018E+13	4.23541	1.07017E-03
3.07610E+13	4.23499	1.07011E-03
3.07204E+13	4.23458	1.07006E-03
3.06798E+13	4.23417	1.02886E-03
3.06393E+13	4.23376	1.02881E-03
3.05989E+13	4.23335	1.02876E-03
3.05587E+13	4.23298	1.02871E-03
3.05185E+13	4.23257	1.02866E-03
3.04785E+13	4.23215	1.02861E-03
3.04385E+13	4.23174	1.02856E-03
3.03987E+13	4.23137	1.02852E-03
3.03590E+13	4.23096	1.02847E-03
3.03193E+13	4.23055	9.87278E-04
3.02798E+13	4.23018	9.87235E-04
3.02404E+13	4.22977	9.87187E-04
3.02010E+13	4.22940	9.87144E-04
3.01618E+13	4.22903	9.87101E-04
3.01227E+13	4.22862	9.87053E-04
3.00837E+13	4.22825	9.87010E-04
3.00448E+13	4.22788	9.86966E-04
3.00060E+13	4.22746	9.86918E-04
2.99672E+13	4.22709	9.86875E-04
2.99286E+13	4.22672	9.45714E-04
2.98901E+13	4.22635	9.45673E-04
2.98517E+13	4.22598	9.45631E-04
2.98134E+13	4.22561	9.45590E-04
2.97751E+13	4.22524	9.45548E-04
2.97370E+13	4.22487	9.45507E-04
2.96990E+13	4.22450	9.45466E-04
2.96611E+13	4.22413	9.45424E-04
2.96232E+13	4.22376	9.45383E-04
2.95855E+13	4.22339	9.45341E-04
2.95479E+13	4.22302	9.45300E-04
2.95103E+13	4.22266	9.04160E-04
2.94729E+13	4.22233	9.04125E-04
2.94355E+13	4.22196	9.04086E-04
2.93983E+13	4.22159	9.04046E-04
2.93611E+13	4.22126	9.04011E-04
2.93240E+13	4.22089	9.03971E-04
2.92870E+13	4.22052	9.03932E-04
2.92502E+13	4.22019	9.03896E-04
2.92134E+13	4.21982	9.03857E-04
2.91767E+13	4.21949	9.03822E-04
2.91401E+13	4.21912	9.03782E-04
2.91035E+13	4.21879	8.62667E-04
2.90671E+13	4.21846	8.62634E-04
2.90308E+13	4.21809	8.62596E-04
2.89945E+13	4.21777	8.62562E-04
2.89584E+13	4.21744	8.62529E-04
2.89223E+13	4.21711	8.62495E-04
2.88864E+13	4.21674	8.62457E-04
2.88505E+13	4.21641	8.62424E-04
2.88147E+13	4.21608	8.62390E-04
2.87790E+13	4.21575	8.62357E-04
2.87434E+13	4.21542	8.62323E-04
2.87078E+13	4.21510	8.62289E-04
2.86724E+13	4.21477	8.21196E-04
2.86370E+13	4.21444	8.21164E-04
2.86018E+13	4.21411	8.21132E-04
2.85666E+13	4.21378	8.21100E-04
2.85315E+13	4.21345	8.21068E-04
2.84965E+13	4.21313	8.21036E-04
2.84616E+13	4.21280	8.21004E-04
2.84267E+13	4.21251	8.20976E-04
2.83920E+13	4.21218	8.20944E-04
2.83573E+13	4.21185	8.20912E-04
2.83227E+13	4.21152	8.20880E-04
2.82882E+13	4.21124	8.20852E-04
2.82538E+13	4.21091	8.20820E-04
2.82195E+13	4.21058	7.79749E-04
2.81852E+13	4.21029	7.79722E-04
2.81511E+13	4.20997	7.79692E-04
2.81170E+13	4.20968	7.79665E-04
2.80830E+13	4.20935	7.79635E-04
2.80491E+13	4.20906	7.79608E-04
2.80153E+13	4.20873	7.79578E-04
2.79815E+13	4.20845	7.79551E-04
2.79478E+13	4.20812	7.79521E-04
2.79142E+13	4.20783	7.79494E-04
2.78807E+13	4.20754	7.79467E-04
2.78473E+13	4.20722	7.79437E-04
2.78140E+13	4.20693	7.79410E-04
2.77807E+13	4.20664	7.79384E-04
2.77475E+13	4.20635	7.38338E-04
2.77144E+13	4.20603	7.38310E-04
2.76813E+13	4.20574	7.38284E-04
2.76484E+13	4.20545	7.38259E-04
2.76155E+13	4.20517	7.38234E-04
2.75827E+13	4.20488	7.38209E-04
2.75500E+13	4.20459	7.38184E-04
2.75174E+13	4.20430	7.38158E-04
2.74848E+13	4.20402	7.38133E-04
2.74523E+13	4.20373	7.38108E-04
2.74199E+13	4.20344	7.38083E-04
2.73876E+13	4.20316	7.38058E-04
2.73553E+13	4.20287	7.38032E-04
2.73231E+13	4.20258	7.38007E-04
2.72910E+13	4.20229	6.96983E-04
2.72590E+13	4.20201	6.96959E-04
2.72270E+13	4.20176	6.96939E-04
2.71952E+13	4.20148	6.96915E-04
2.71633E+13	4.20119	6.96891E-04
2.71316E+13	4.20090	6.96867E-04
2.71000E+13	4.20066	6.96847E-04
2.70684E+13	4.20037	6.96823E-04
2.70369E+13	4.20008	6.96799E-04
2.70054E+13	4.19984	6.96779E-04
2.69741E+13	4.19955	6.96755E-04
2.69428E+13	4.19926	6.96731E-04
2.69115E+13	4.19902	6.96711E-04
2.68804E+13	4.19873	6.96687E-04
2.68493E+13	4.19848	6.96667E-04
2.68183E+13	4.19820	6.96643E-04
2.67874E+13	4.19795	6.55645E-04
2.67565E+13	4.19766	6.55622E-04
2.67257E+13	4.19742	6.55603E-04
2.66950E+13	4.19717	6.55584E-04
2.66644E+13	4.19688	6.55562E-04
2.66338E+13	4.19664	6.55542E-04
2.66033E+13	4.19635	6.55520E-04
2.65729E+13	4.19611	6.55501E-04
2.65425E+13	4.19586	6.55482E-04
2.65122E+13	4.19561	6.55462E-04
2.64820E+13	4.19533	6.55440E-04
2.64518E+13	4.19508	6.55421E-04
2.64217E+13	4.19484	6.55402E-04
2.63917E+13	4.19459	6.55382E-04
2.63617E+13	4.19434	6.55363E-04
2.63318E+13	4.19406	6.55341E-04
2.63020E+13	4.19381	6.55322E-04
2.62723E+13	4.19357	6.55302E-04
2.62426E+13	4.19332	6.14328E-04
2.62130E+13	4.19308	6.14310E-04
2.61834E+13	4.19283	6.14292E-04
2.61539E+13	4.19258	6.14274E-04
2.61245E+13	4.19234	6.14256E-04
2.60951E+13	4.19209	6.14238E-04
2.60659E+13	4.19185	6.14220E-04
2.60366E+13	4.19160	6.14202E-04
2.60075E+13	4.19136	6.14184E-04
2.59784E+13	4.19115	6.14169E-04
2.59494E+13	4.19090	6.14151E-04
2.59204E+13	4.19066	6.14133E-04
2.58915E+13	4.19041	6.14115E-04
2.58627E+13	4.19017	6.14097E-04
2.58339E+13	4.18992	6.14079E-04
2.58052E+13	4.18972	6.14064E-04
2.57766E+13	4.18947	6.14046E-04
2.57480E+13	4.18923	6.14028E-04
2.57195E+13	4.18902	5.73079E-04
2.56910E+13	4.18878	5.73062E-04
2.56626E+13	4.18853	5.73045E-04
2.56343E+13	4.18833	5.73031E-04
2.56061E+13	4.18808	5.73014E-04
2.55779E+13	4.18783	5.72998E-04
2.55497E+13	4.18763	5.72984E-04
2.55216E+13	4.18738	5.72967E-04
2.54936E+13	4.18718	5.72953E-04
2.54657E+13	4.18693	5.72936E-04
2.54378E+13	4.18673	5.72922E-04
2.54100E+13	4.18648	5.72905E-04
2.53822E+13	4.18628	5.72891E-04
2.53545E+13	4.18603	5.72874E-04
2.53268E+13	4.18583	5.72860E-04
2.52992E+13	4.18558	5.72844E-04
2.52717E+13	4.18538	5.72830E-04
2.52442E+13	4.18517	5.72816E-04
2.52168E+13	4.18493	5.72799E-04
2.51895E+13	4.18472	5.72785E-04
2.51622E+13	4.18452	5.72771E-04
2.51350E+13	4.18427	5.31843E-04
2.51078E+13	4.18407	5.31830E-04
2.50807E+13	4.18387	5.31817E-04
2.50536E+13	4.18366	5.31804E-04
2.50266E+13	4.18342	5.31788E-04
2.49997E+13	4.18321	5.31775E-04
2.49728E+13	4.18301	5.31762E-04
2.49460E+13	4.18280	5.31749E-04
2.49192E+13	4.18260	5.31736E-04
2.48925E+13	4.18235	5.31721E-04
2.48659E+13	4.18215	5.31708E-04
2.48393E+13	4.18194	5.31695E-04
2.48127E+13	4.18174	5.31682E-04
2.47862E+13	4.18153	5.31669E-04
2.47598E+13	4.18133	5.31656E-04
2.47334E+13	4.18113	5.31643E-04
2.47071E+13	4.18092	5.31630E-04
2.46809E+13	4.18072	5.31617E-04
2.46547E+13	4.18051	5.31604E-04
2.46285E+13	4.18031	5.31591E-04
2.46024E+13	4.18010	5.31578E-04
2.45764E+13	4.17990	5.31565E-04
2.45504E+13	4.17969	5.31552E-04
2.45245E+13	4.17949	4.90651E-04
2.44986E+13	4.17929	4.90639E-04
2.44728E+13	4.17908	4.90627E-04
2.44471E+13	4.17888	4.90615E-04
2.44214E+13	4.17871	4.90606E-04
2.43957E+13	4.17851	4.90594E-04
2.43701E+13	4.17830	4.90582E-04
2.43446E+13	4.17810	4.90570E-04
2.43191E+13	4.17790	4.90558E-04
2.42936E+13	4.17773	4.90548E-04
2.42683E+13	4.17753	4.90536E-04
2.42429E+13	4.17732	4.90524E-04
2.42176E+13	4.17712	4.90512E-04
2.41924E+13	4.17695	4.90502E-04
2.41672E+13	4.17675	4.90490E-04
2.41421E+13	4.17655	4.90478E-04
2.41171E+13	4.17638	4.90469E-04
2.40920E+13	4.17618	4.90457E-04
2.40671E+13	4.17597	4.90445E-04
2.40422E+13	4.17581	4.90435E-04
2.40173E+13	4.17561	4.90423E-04
2.39925E+13	4.17544	4.90414E-04
2.39677E+13	4.17524	4.90402E-04
2.39430E+13	4.17503	4.90390E-04
2.39184E+13	4.17487	4.90380E-04
2.38937E+13	4.17467	4.90368E-04
2.38692E+13	4.17450	4.49495E-04
2.38447E+13	4.17430	4.49484E-04
2.38202E+13	4.17414	4.49475E-04
2.37958E+13	4.17393	4.49464E-04
2.37715E+13	4.17377	4.49456E-04
2.37472E+13	4.17356	4.49445E-04
2.37229E+13	4.17340	4.49436E-04
2.36987E+13	4.17324	4.49427E-04
2.36745E+13	4.17303	4.49416E-04
2.36504E+13	4.17287	4.49407E-04
2.36264E+13	4.17266	4.49396E-04
2.36024E+13	4.17250	4.49387E-04
2.35784E+13	4.17234	4.49379E-04
2.35545E+13	4.17213	4.49368E-04
2.35306E+13	4.17197	4.49359E-04
2.35068E+13	4.17181	4.49350E-04
2.34830E+13	4.17160	4.49339E-04
2.34593E+13	4.17144	4.49330E-04
2.34357E+13	4.17128	4.49321E-04
2.34120E+13	4.17111	4.49313E-04
2.33885E+13	4.17091	4.49302E-04
2.33649E+13	4.17074	4.49293E-04
2.33414E+13	4.17058	4.49284E-04
2.33180E+13	4.17042	4.49275E-04
2.32946E+13	4.17025	4.49266E-04
2.32713E+13	4.17005	4.49255E-04
2.32480E+13	4.16989	4.49247E-04
2.32247E+13	4.16972	4.49238E-04
2.32015E+13	4.16956	4.08390E-04
2.31784E+13	4.16940	4.08382E-04
2.31553E+13	4.16923	4.08374E-04
2.31322E+13	4.16907	4.08366E-04
2.31092E+13	4.16891	4.08358E-04
2.30862E+13	4.16870	4.08348E-04
2.30633E+13	4.16854	4.08340E-04
2.30404E+13	4.16838	4.08332E-04
2.30176E+13	4.16821	4.08324E-04
2.29948E+13	4.16805	4.08316E-04
2.29720E+13	4.16789	4.08308E-04
2.29493E+13	4.16772	4.08300E-04
2.29267E+13	4.16756	4.08292E-04
2.29041E+13	4.16740	4.08284E-04
2.28815E+13	4.16723	4.08276E-04
2.28590E+13	4.16707	4.08268E-04
2.28365E+13	4.16691	4.08260E-04
2.28141E+13	4.16678	4.08254E-04
2.27917E+13	4.16662	4.08246E-04
2.27694E+13	4.16646	4.08238E-04
2.27471E+13	4.16629	4.08230E-04
2.27248E+13	4.16613	4.08222E-04
2.27026E+13	4.16597	4.08214E-04
2.26804E+13	4.16580	4.08206E-04
2.26583E+13	4.16564	4.08198E-04
2.26362E+13	4.16552	4.08192E-04
2.26142E+13	4.16535	4.08184E-04
2.25922E+13	4.16519	4.08176E-04
2.25702E+13	4.16503	4.08168E-04
2.25483E+13	4.16486	4.08160E-04
2.25264E+13	4.16474	4.08154E-04
2.25046E+13	4.16458	4.08146E-04
2.24828E+13	4.16442	4.08138E-04
2.24611E+13	4.16425	3.67317E-04
2.24394E+13	4.16413	3.67312E-04
2.24177E+13	4.16397	3.67304E-04
2.23961E+13	4.16380	3.67297E-04
2.23745E+13	4.16364	3.67290E-04
2.23530E+13	4.16352	3.67285E-04
2.23315E+13	4.16335	3.67277E-04
2.23100E+13	4.16319	3.67270E-04
2.22886E+13	4.16307	3.67265E-04
2.22673E+13	4.16291	3.67258E-04
2.22459E+13	4.16278	3.67252E-04
2.22246E+13	4.16262	3.67245E-04
2.22034E+13	4.16246	3.67238E-04
2.21822E+13	4.16233	3.67232E-04
2.21610E+13	4.16217	3.67225E-04
2.21399E+13	4.16205	3.67220E-04
2.21188E+13	4.16189	3.67213E-04
2.20978E+13	4.16172	3.67205E-04
2.20768E+13	4.16160	3.67200E-04
2.20558E+13	4.16144	3.67193E-04
2.20349E+13	4.16131	3.67187E-04
2.20140E+13	4.16115	3.67180E-04
2.19931E+13	4.16103	3.67175E-04
2.19723E+13	4.16087	3.67168E-04
2.19516E+13	4.16074	3.67162E-04
2.19308E+13	4.16058	3.67155E-04
2.19102E+13	4.16046	3.67150E-04
2.18895E+13	4.16029	3.67142E-04
2.18689E+13	4.16017	3.67137E-04
2.18483E+13	4.16001	3.67130E-04
2.18278E+13	4.15989	3.67124E-04
2.18073E+13	4.15976	3.67119E-04
2.17868E+13	4.15960	3.67112E-04
2.17664E+13	4.15948	3.67106E-04
2.17460E+13	4.15932	3.67099E-04
2.17257E+13	4.15919	3.67094E-04
2.17054E+13	4.15907	3.67088E-04
2.16851E+13	4.15891	3.67081E-04
2.16649E+13	4.15879	3.26290E-04
2.16447E+13	4.15866	3.26285E-04
2.16246E+13	4.15850	3.26278E-04
2.16044E+13	4.15838	3.26274E-04
2.15844E+13	4.15826	3.26269E-04
2.15643E+13	4.15809	3.26262E-04
2.15443E+13	4.15797	3.26258E-04
2.15243E+13	4.15785	3.26253E-04
2.15044E+13	4.15772	3.26248E-04
2.14845E+13	4.15756	3.26242E-04
2.14647E+13	4.15744	3.26237E-04
2.14448E+13	4.15732	3.26232E-04
2.14251E+13	4.15719	3.26227E-04
2.14053E+13	4.15703	3.26221E-04
2.13856E+13	4.15691	3.26216E-04
2.13659E+13	4.15679	3.26211E-04
2.13463E+13	4.15666	3.26206E-04
2.13267E+13	4.15654	3.26202E-04
2.13071E+13	4.15638	3.26195E-04
2.12876E+13	4.15626	3.26190E-04
2.12681E+13	4.15613	3.26186E-04
2.12486E+13	4.15601	3.26181E-04
2.12292E+13	4.15589	3.26176E-04
2.12098E+13	4.15577	3.26171E-04
2.11905E+13	4.15560	3.26165E-04
2.11712E+13	4.15548	3.26160E-04
2.11519E+13	4.15536	3.26155E-04
2.11326E+13	4.15524	3.26150E-04
2.11134E+13	4.15512	3.26146E-04
2.10943E+13	4.15499	3.26141E-04
2.10751E+13	4.15487	3.26136E-04
2.10560E+13	4.15475	3.26131E-04
2.10369E+13	4.15463	3.26126E-04
2.10179E+13	4.15450	3.26122E-04
2.09989E+13	4.15438	3.26117E-04
2.09799E+13	4.15426	3.26112E-04
2.09610E+13	4.15414	3.26107E-04
2.09421E+13	4.15401	3.26102E-04
2.09232E+13	4.15389	3.26098E-04
2.09044E+13	4.15377	3.26093E-04
2.08856E+13	4.15365	3.26088E-04
2.08668E+13	4.15353	3.26083E-04
2.08481E+13	4.15340	3.26078E-04
2.08294E+13	4.15328	3.26074E-04
2.08107E+13	4.15316	2.85310E-04
2.07921E+13	4.15304	2.85306E-04
2.07735E+13	4.15291	2.85302E-04
2.07549E+13	4.15279	2.85298E-04
2.07364E+13	4.15267	2.85293E-04
2.07179E+13	4.15255	2.85289E-04
2.06995E+13	4.15243	2.85285E-04
2.06810E+13	4.15230	2.85281E-04
2.06626E+13	4.15218	2.85277E-04
2.06443E+13	4.15206	2.85272E-04
2.06259E+13	4.15198	2.85270E-04
2.06076E+13	4.15185	2.85265E-04
2.05893E+13	4.15173	2.85261E-04
2.05711E+13	4.15161	2.85257E-04
2.05529E+13	4.15149	2.85253E-04
2.05347E+13	4.15137	2.85249E-04
2.05166E+13	4.15124	2.85244E-04
2.04985E+13	4.15116	2.85242E-04
2.04804E+13	4.15104	2.85237E-04
2.04624E+13	4.15092	2.85233E-04
2.04444E+13	4.15080	2.85229E-04
2.04264E+13	4.15067	2.85225E-04
2.04084E+13	4.15059	2.85222E-04
2.03905E+13	4.15047	2.85218E-04
2.03726E+13	4.15035	2.85214E-04
2.03548E+13	4.15022	2.85209E-04
2.03369E+13	4.15014	2.85207E-04
2.03192E+13	4.15002	2.85202E-04
2.03014E+13	4.14990	2.85198E-04
2.02837E+13	4.14978	2.85194E-04
2.02660E+13	4.14969	2.85191E-04
2.02483E+13	4.14957	2.85187E-04
2.02307E+13	4.14945	2.85183E-04
2.02130E+13	4.14937	2.85180E-04
2.01955E+13	4.14925	2.85176E-04
2.01779E+13	4.14912	2.85172E-04
2.01604E+13	4.14900	2.85167E-04
2.01429E+13	4.14892	2.85165E-04
2.01255E+13	4.14880	2.85160E-04
2.01080E+13	4.14868	2.85156E-04
2.00907E+13	4.14859	2.85153E-04
2.00733E+13	4.14847	2.85149E-04
2.00560E+13	4.14835	2.85145E-04
2.00387E+13	4.14827	2.85142E-04
2.00214E+13	4.14815	2.85138E-04
2.00041E+13	4.14807	2.85135E-04
1.99869E+13	4.14794	2.85131E-04
1.99697E+13	4.14782	2.85127E-04
1.99526E+13	4.14774	2.85124E-04
1.99354E+13	4.14762	2.85120E-04
1.99184E+13	4.14754	2.85117E-04
1.99013E+13	4.14741	2.85113E-04
1.98842E+13	4.14729	2.85109E-04
1.98672E+13	4.14721	2.44376E-04
1.98503E+13	4.14709	2.44373E-04
1.98333E+13	4.14701	2.44370E-04
1.98164E+13	4.14688	2.44367E-04
1.97995E+13	4.14680	2.44364E-04
1.97826E+13	4.14668	2.44361E-04
1.97658E+13	4.14660	2.44358E-04
1.97490E+13	4.14648	2.44355E-04
1.97322E+13	4.14640	2.44352E-04
1.97155E+13	4.14627	2.44349E-04
1.96987E+13	4.14619	2.44346E-04
1.96820E+13	4.14607	2.44343E-04
1.96654E+13	4.14599	2.44340E-04
1.96487E+13	4.14587	2.44337E-04
1.96321E+13	4.14578	2.44334E-04
1.96155E+13	4.14566	2.44331E-04
1.95990E+13	4.14558	2.44328E-04
1.95825E+13	4.14546	2.44325E-04
1.95660E+13	4.14538	2.44322E-04
1.95495E+13	4.14526	2.44319E-04
1.95331E+13	4.14517	2.44316E-04
1.95166E+13	4.14509	2.44314E-04
1.95003E+13	4.14497	2.44310E-04
1.94839E+13	4.14489	2.44308E-04
1.94676E+13	4.14477	2.44304E-04
1.94513E+13	4.14469	2.44302E-04
1.94350E+13	4.14456	2.44298E-04
1.94187E+13	4.14448	2.44296E-04
1.94025E+13	4.14440	2.44294E-04
1.93863E+13	4.14428	2.44290E-04
1.93702E+13	4.14420	2.44288E-04
1.93540E+13	4.14412	2.44285E-04
1.93379E+13	4.14399	2.44282E-04
1.93218E+13	4.14391	2.44279E-04
1.93057E+13	4.14383	2.44277E-04
1.92897E+13	4.14371	2.44273E-04
1.92737E+13	4.14363	2.44271E-04
1.92577E+13	4.14350	2.44267E-04
1.92418E+13	4.14342	2.44265E-04
1.92258E+13	4.14334	2.44262E-04
1.92099E+13	4.14326	2.44260E-04
1.91941E+13	4.14314	2.44256E-04
1.91782E+13	4.14306	2.44254E-04
1.91624E+13	4.14298	2.44252E-04
1.91466E+13	4.14285	2.44248E-04
1.91308E+13	4.14277	2.44246E-04
1.91151E+13	4.14269	2.44243E-04
1.90994E+13	4.14257	2.44240E-04
1.90837E+13	4.14249	2.44237E-04
1.90680E+13	4.14241	2.44235E-04
1.90524E+13	4.14232	2.44232E-04
1.90367E+13	4.14220	2.44229E-04
1.90211E+13	4.14212	2.44226E-04
1.90056E+13	4.14204	2.44224E-04
1.89900E+13	4.14196	2.44222E-04
1.89745E+13	4.14188	2.44219E-04
1.89590E+13	4.14175	2.44216E-04
1.89436E+13	4.14167	2.44213E-04
1.89281E+13	4.14159	2.44211E-04
1.89127E+13	4.14151	2.44208E-04
1.88973E+13	4.14139	2.44205E-04
1.88820E+13	4.14131	2.44202E-04
1.88666E+13	4.14122	2.44200E-04
1.88513E+13	4.14114	2.44198E-04
1.88360E+13	4.14106	2.44195E-04
1.88208E+13	4.14098	2.03494E-04
1.88055E+13	4.14086	2.03491E-04
1.87903E+13	4.14078	2.03489E-04
1.87751E+13	4.14070	2.03487E-04
1.87600E+13	4.14061	2.03485E-04
1.87448E+13	4.14053	2.03483E-04
1.87297E+13	4.14045	2.03481E-04
1.87146E+13	4.14033	2.03478E-04
1.86995E+13	4.14025	2.03476E-04
1.86845E+13	4.14017	2.03474E-04
1.86695E+13	4.14009	2.03472E-04
1.86545E+13	4.14000	2.03470E-04
1.86395E+13	4.13992	2.03468E-04
1.86246E+13	4.13984	2.03466E-04
1.86096E+13	4.13976	2.03464E-04
1.85947E+13	4.13968	2.03462E-04
1.85799E+13	4.13956	2.03459E-04
1.85650E+13	4.13948	2.03457E-04
1.85502E+13	4.13939	2.03455E-04
1.85354E+13	4.13931	2.03453E-04
1.85206E+13	4.13923	2.03451E-04
1.85058E+13	4.13915	2.03449E-04
1.84911E+13	4.13907	2.03447E-04
1.84764E+13	4.13899	2.03445E-04
1.84617E+13	4.13891	2.03443E-04
1.84470E+13	4.13882	2.03441E-04
1.84324E+13	4.13874	2.03439E-04
1.84178E+13	4.13866	2.03437E-04
1.84032E+13	4.13858	2.03435E-04
1.83886E+13	4.13850	2.03433E-04
1.83741E+13	4.13842	2.03431E-04
1.83595E+13	4.13834	2.03429E-04
1.83450E+13	4.13825	2.03427E-04
1.83306E+13	4.13817	2.03425E-04
1.83161E+13	4.13809	2.03423E-04
1.83017E+13	4.13801	2.03421E-04
1.82873E+13	4.13793	2.03419E-04
1.82729E+13	4.13785	2.03417E-04
1.82585E+13	4.13777	2.03415E-04
1.82442E+13	4.13768	2.03413E-04
1.82299E+13	4.13760	2.03411E-04
1.82156E+13	4.13752	2.03409E-04
1.82013E+13	4.13744	2.03407E-04
1.81870E+13	4.13736	2.03405E-04
1.81728E+13	4.13728	2.03403E-04
1.81586E+13	4.13720	2.03401E-04
1.81444E+13	4.13712	2.03399E-04
1.81302E+13	4.13703	2.03397E-04
1.81161E+13	4.13695	2.03395E-04
1.81020E+13	4.13687	2.03393E-04
1.80879E+13	4.13679	2.03391E-04
1.80738E+13	4.13671	2.03389E-04
1.80597E+13	4.13663	2.03387E-04
1.80457E+13	4.13659	2.03386E-04
1.80317E+13	4.13651	2.03384E-04
1.80177E+13	4.13642	2.03382E-04
1.80037E+13	4.13634	2.03380E-04
1.79898E+13	4.13626	2.03378E-04
1.79759E+13	4.13618	2.03376E-04
1.79620E+13	4.13610	2.03374E-04
1.79481E+13	4.13602	2.03372E-04
1.79342E+13	4.13594	2.03370E-04
1.79204E+13	4.13590	2.03369E-04
1.79066E+13	4.13581	2.03367E-04
1.78928E+13	4.13573	2.03365E-04
1.78790E+13	4.13565	2.03363E-04
1.78653E+13	4.13557	2.03361E-04
1.78515E+13	4.13549	2.03359E-04
1.78378E+13	4.13541	2.03357E-04
1.78241E+13	4.13537	2.03356E-04
1.78105E+13	4.13528	2.03354E-04
1.77968E+13	4.13520	2.03352E-04
1.77832E+13	4.13512	2.03350E-04
1.77696E+13	4.13504	2.03348E-04
1.77560E+13	4.13496	2.03346E-04
1.77424E+13	4.13492	2.03345E-04
1.77289E+13	4.13484	2.03343E-04
1.77154E+13	4.13476	2.03341E-04
1.77019E+13	4.13467	2.03339E-04
1.76884E+13	4.13459	2.03337E-04
1.76749E+13	4.13455	2.03336E-04
1.76615E+13	4.13447	2.03334E-04
1.76481E+13	4.13439	2.03332E-04
1.76347E+13	4.13431	1.62664E-04
1.76213E+13	4.13423	1.62662E-04
1.76079E+13	4.13419	1.62662E-04
1.75946E+13	4.13411	1.62660E-04
1.75813E+13	4.13402	1.62658E-04
1.75680E+13	4.13394	1.62657E-04
1.75547E+13	4.13390	1.62656E-04
1.75414E+13	4.13382	1.62654E-04
1.75282E+13	4.13374	1.62653E-04
1.75150E+13	4.13366	1.62651E-04
1.75018E+13	4.13362	1.62650E-04
1.74886E+13	4.13354	1.62649E-04
1.74754E+13	4.13345	1.62647E-04
1.74623E+13	4.13337	1.62646E-04
1.74492E+13	4.13333	1.62645E-04
1.74361E+13	4.13325	1.62643E-04
1.74230E+13	4.13317	1.62642E-04
1.74099E+13	4.13313	1.62641E-04
1.73969E+13	4.13305	1.62639E-04
1.73839E+13	4.13297	1.62638E-04
1.73709E+13	4.13289	1.62636E-04
1.73579E+13	4.13285	1.62635E-04
1.73449E+13	4.13276	1.62634E-04
1.73320E+13	4.13268	1.62632E-04
1.73191E+13	4.13264	1.62631E-04
1.73061E+13	4.13256	1.62630E-04
1.72933E+13	4.13248	1.62628E-04
1.72804E+13	4.13244	1.62627E-04
1.72675E+13	4.13236	1.62626E-04
1.72547E+13	4.13228	1.62624E-04
1.72419E+13	4.13224	1.62623E-04
1.72291E+13	4.13215	1.62622E-04
1.72163E+13	4.13207	1.62620E-04
1.72036E+13	4.13203	1.62619E-04
1.71909E+13	4.13195	1.62618E-04
1.71781E+13	4.13187	1.62616E-04
1.71654E+13	4.13183	1.62615E-04
1.71528E+13	4.13175	1.62614E-04
1.71401E+13	4.13167	1.62612E-04
1.71275E+13	4.13163	1.62611E-04
1.71149E+13	4.13154	1.62610E-04
1.71022E+13	4.13150	1.62609E-04
1.70897E+13	4.13142	1.62607E-04
1.70771E+13	4.13134	1.62606E-04
1.70646E+13	4.13130	1.62605E-04
1.70520E+13	4.13122	1.62603E-04
1.70395E+13	4.13118	1.62602E-04
1.70270E+13	4.13110	1.62601E-04
1.70145E+13	4.13102	1.62599E-04
1.70021E+13	4.13097	1.62598E-04
1.69897E+13	4.13089	1.62597E-04
1.69772E+13	4.13085	1.62596E-04
1.69648E+13	4.13077	1.62594E-04
1.69524E+13	4.13069	1.62593E-04
1.69401E+13	4.13065	1.62592E-04
1.69277E+13	4.13057	1.62590E-04
1.69154E+13	4.13053	1.62590E-04
1.69031E+13	4.13045	1.62588E-04
1.68908E+13	4.13041	1.62587E-04
1.68785E+13	4.13032	1.62586E-04
1.68663E+13	4.13024	1.62584E-04
1.68540E+13	4.13020	1.62583E-04
1.68418E+13	4.13012	1.62582E-04
1.68296E+13	4.13008	1.62581E-04
1.68174E+13	4.13000	1.62579E-04
1.68053E+13	4.12996	1.62578E-04
1.67931E+13	4.12988	1.62577E-04
1.67810E+13	4.12984	1.62576E-04
1.67689E+13	4.12976	1.62574E-04
1.67568E+13	4.12971	1.62574E-04
1.67447E+13	4.12963	1.62572E-04
1.67326E+13	4.12959	1.62571E-04
1.67206E+13	4.12951	1.62570E-04
1.67085E+13	4.12947	1.62569E-04
1.66965E+13	4.12939	1.62567E-04
1.66845E+13	4.12931	1.62566E-04
1.66725E+13	4.12927	1.62565E-04
1.66606E+13	4.12919	1.62563E-04
1.66486E+13	4.12915	1.62562E-04
1.66367E+13	4.12911	1.62562E-04
1.66248E+13	4.12902	1.62560E-04
1.66129E+13	4.12898	1.62559E-04
1.66010E+13	4.12890	1.62558E-04
1.65892E+13	4.12886	1.62557E-04
1.65773E+13	4.12878	1.62555E-04
1.65655E+13	4.12874	1.62554E-04
1.65537E+13	4.12866	1.62553E-04
1.65419E+13	4.12862	1.62552E-04
1.65302E+13	4.12854	1.62550E-04
1.65184E+13	4.12850	1.62550E-04
1.65067E+13	4.12841	1.62548E-04
1.64949E+13	4.12837	1.62547E-04
1.64832E+13	4.12829	1.62546E-04
1.64715E+13	4.12825	1.62545E-04
1.64599E+13	4.12817	1.62543E-04
1.64482E+13	4.12813	1.62542E-04
1.64366E+13	4.12809	1.62542E-04
1.64249E+13	4.12801	1.62540E-04
1.64133E+13	4.12797	1.62539E-04
1.64017E+13	4.12789	1.62538E-04
1.63902E+13	4.12785	1.62537E-04
1.63786E+13	4.12776	1.62535E-04
1.63671E+13	4.12772	1.62534E-04
1.63555E+13	4.12768	1.62534E-04
1.63440E+13	4.12760	1.62532E-04
1.63325E+13	4.12756	1.62531E-04
1.63211E+13	4.12748	1.62530E-04
1.63096E+13	4.12744	1.62529E-04
1.62982E+13	4.12740	1.62528E-04
1.62867E+13	4.12732	1.62526E-04
1.62753E+13	4.12728	1.62526E-04
1.62639E+13	4.12720	1.62524E-04
1.62525E+13	4.12715	1.62523E-04
1.62412E+13	4.12711	1.21892E-04
1.62298E+13	4.12703	1.21891E-04
1.62185E+13	4.12699	1.21890E-04
1.62072E+13	4.12691	1.21889E-04
1.61959E+13	4.12687	1.21888E-04
1.61846E+13	4.12683	1.21888E-04
1.61733E+13	4.12675	1.21886E-04
1.61621E+13	4.12671	1.21886E-04
1.61508E+13	4.12667	1.21885E-04
1.61396E+13	4.12659	1.21884E-04
1.61284E+13	4.12655	1.21883E-04
1.61172E+13	4.12650	1.21883E-04
1.61060E+13	4.12642	1.21882E-04
1.60949E+13	4.12638	1.21881E-04
1.60837E+13	4.12634	1.21880E-04
1.60726E+13	4.12626	1.21879E-04
1.60615E+13	4.12622	1.21879E-04
1.60504E+13	4.12614	1.21877E-04
1.60393E+13	4.12610	1.21877E-04
1.60282E+13	4.12606	1.21876E-04
1.60172E+13	4.12598	1.21875E-04
1.60061E+13	4.12594	1.21874E-04
1.59951E+13	4.12590	1.21874E-04
1.59841E+13	4.12585	1.21873E-04
1.59731E+13	4.12577	1.21872E-04
1.59621E+13	4.12573	1.21871E-04
1.59512E+13	4.12569	1.21871E-04
1.59402E+13	4.12561	1.21870E-04
1.59293E+13	4.12557	1.21869E-04
1.59184E+13	4.12553	1.21868E-04
1.59074E+13	4.12545	1.21867E-04
1.58966E+13	4.12541	1.21867E-04
1.58857E+13	4.12537	1.21866E-04
1.58748E+13	4.12529	1.21865E-04
1.58640E+13	4.12525	1.21864E-04
1.58532E+13	4.12520	1.21864E-04
1.58423E+13	4.12516	1.21863E-04
1.58315E+13	4.12508	1.21862E-04
1.58208E+13	4.12504	1.21861E-04
1.58100E+13	4.12500	1.21861E-04
1.57992E+13	4.12492	1.21859E-04
1.57885E+13	4.12488	1.21859E-04
1.57778E+13	4.12484	1.21858E-04
1.57671E+13	4.12480	1.21858E-04
1.57564E+13	4.12472	1.21856E-04
1.57457E+13	4.12468	1.21856E-04
1.57350E+13	4.12464	1.21855E-04
1.57244E+13	4.12460	1.21855E-04
1.57137E+13	4.12451	1.21853E-04
1.57031E+13	4.12447	1.21853E-04
1.56925E+13	4.12443	1.21852E-04
1.56819E+13	4.12439	1.21852E-04
1.56713E+13	4.12431	1.21850E-04
1.56607E+13	4.12427	1.21850E-04
1.56502E+13	4.12423	1.21849E-04
1.56397E+13	4.12419	1.21849E-04
1.56291E+13	4.12411	1.21847E-04
1.56186E+13	4.12407	1.21847E-04
1.56081E+13	4.12403	1.21846E-04
1.55976E+13	4.12399	1.21846E-04
1.55872E+13	4.12390	1.21844E-04
1.55767E+13	4.12386	1.21844E-04
1.55663E+13	4.12382	1.21843E-04
1.55558E+13	4.12378	1.21843E-04
1.55454E+13	4.12374	1.21842E-04
1.55350E+13	4.12366	1.21841E-04
1.55247E+13	4.12362	1.21840E-04
1.55143E+13	4.12358	1.21840E-04
1.55039E+13	4.12354	1.21839E-04
1.54936E+13	4.12350	1.21838E-04
1.54833E+13	4.12342	1.21837E-04
1.54729E+13	4.12338	1.21837E-04
1.54626E+13	4.12334	1.21836E-04
1.54524E+13	4.12330	1.21835E-04
1.54421E+13	4.12326	1.21835E-04
1.54318E+13	4.12317	1.21834E-04
1.54216E+13	4.12313	1.21833E-04
1.54113E+13	4.12309	1.21832E-04
1.54011E+13	4.12305	1.21832E-04
1.53909E+13	4.12301	1.21831E-04
1.53807E+13	4.12297	1.21831E-04
1.53705E+13	4.12289	1.21829E-04
1.53604E+13	4.12285	1.21829E-04
1.53502E+13	4.12281	1.21828E-04
1.53401E+13	4.12277	1.21828E-04
1.53300E+13	4.12273	1.21827E-04
1.53198E+13	4.12265	1.21826E-04
1.53097E+13	4.12261	1.21825E-04
1.52997E+13	4.12256	1.21825E-04
1.52896E+13	4.12252	1.21824E-04
1.52795E+13	4.12248	1.21823E-04
1.52695E+13	4.12244	1.21823E-04
1.52595E+13	4.12240	1.21822E-04
1.52494E+13	4.12232	1.21821E-04
1.52394E+13	4.12228	1.21820E-04
1.52294E+13	4.12224	1.21820E-04
1.52195E+13	4.12220	1.21819E-04
1.52095E+13	4.12216	1.21819E-04
1.51995E+13	4.12212	1.21818E-04
1.51896E+13	4.12208	1.21817E-04
1.51797E+13	4.12200	1.21816E-04
1.51698E+13	4.12196	1.21816E-04
1.51599E+13	4.12192	1.21815E-04
1.51500E+13	4.12187	1.21814E-04
1.51401E+13	4.12183	1.21814E-04
1.51302E+13	4.12179	1.21813E-04
1.51204E+13	4.12175	1.21813E-04
1.51105E+13	4.12171	1.21812E-04
1.51007E+13	4.12167	1.21811E-04
1.50909E+13	4.12159	1.21810E-04
1.50811E+13	4.12155	1.21810E-04
1.50713E+13	4.12151	1.21809E-04
1.50615E+13	4.12147	1.21808E-04
1.50518E+13	4.12143	1.21808E-04
1.50420E+13	4.12139	1.21807E-04
1.50323E+13	4.12135	1.21807E-04
1.50226E+13	4.12131	1.21806E-04
1.50129E+13	4.12127	1.21805E-04
1.50032E+13	4.12122	1.21805E-04
1.49935E+13	4.12114	1.21804E-04
1.49838E+13	4.12110	1.21803E-04
1.49741E+13	4.12106	1.21802E-04
1.49645E+13	4.12102	1.21802E-04
1.49549E+13	4.12098	1.21801E-04
1.49452E+13	4.12094	1.21801E-04
1.49356E+13	4.12090	1.21800E-04
1.49260E+13	4.12086	1.21799E-04
1.49164E+13	4.12082	1.21799E-04
1.49069E+13	4.12078	1.21798E-04
1.48973E+13	4.12074	1.21798E-04
1.48878E+13	4.12070	1.21797E-04
1.48782E+13	4.12066	1.21796E-04
1.48687E+13	4.12058	1.21795E-04
1.48592E+13	4.12053	1.21795E-04
1.48497E+13	4.12049	1.21794E-04
1.48402E+13	4.12045	1.21793E-04
1.48307E+13	4.12041	1.21793E-04
1.48212E+13	4.12037	1.21792E-04
1.48118E+13	4.12033	1.21792E-04
1.48024E+13	4.12029	1.21791E-04
1.47929E+13	4.12025	1.21790E-04
1.47835E+13	4.12021	1.21790E-04
1.47741E+13	4.12017	1.21789E-04
1.47647E+13	4.12013	1.21789E-04
1.47553E+13	4.12009	1.21788E-04
1.47460E+13	4.12005	1.21787E-04
1.47366E+13	4.12001	1.21787E-04
1.47273E+13	4.11997	1.21786E-04
1.47179E+13	4.11993	1.21786E-04
1.47086E+13	4.11989	1.21785E-04
1.46993E+13	4.11984	1.21784E-04
1.46900E+13	4.11980	1.21784E-04
1.46807E+13	4.11976	1.21783E-04
1.46714E+13	4.11972	1.21783E-04
1.46622E+13	4.11968	1.21782E-04
1.46529E+13	4.11964	1.21781E-04
1.46437E+13	4.11960	1.21781E-04
1.46345E+13	4.11956	1.21780E-04
1.46253E+13	4.11952	1.21780E-04
1.46160E+13	4.11948	1.21779E-04
1.46069E+13	4.11944	1.21778E-04
1.45977E+13	4.11940	1.21778E-04
1.45885E+13	4.11936	1.21777E-04
1.45793E+13	4.11932	1.21777E-04
1.45702E+13	4.11928	1.21776E-04
1.45611E+13	4.11924	1.21775E-04
1.45519E+13	4.11919	1.21775E-04
1.45428E+13	4.11915	8.11828E-05
1.45337E+13	4.11911	8.11824E-05
1.45246E+13	4.11907	8.11820E-05
1.45156E+13	4.11903	8.11816E-05
1.45065E+13	4.11899	8.11812E-05
1.44974E+13	4.11895	8.11808E-05
1.44884E+13	4.11891	8.11804E-05
1.44794E+13	4.11887	8.11800E-05
1.44703E+13	4.11883	8.11796E-05
1.44613E+13	4.11879	8.11792E-05
1.44523E+13	4.11875	8.11788E-05
1.44433E+13	4.11871	8.11784E-05
1.44344E+13	4.11867	8.11780E-05
1.44254E+13	4.11863	8.11776E-05
1.44165E+13	4.11859	8.11772E-05
1.44075E+13	4.11855	8.11768E-05