176
5.3211E+16	0.2815	0.2824
5.2907E+16	0.2726	0.2888
5.2603E+16	0.2625	0.2952
5.2299E+16	0.2505	0.2990
5.1995E+16	0.2414	0.3028
5.1691E+16	0.2325	0.3090
5.1387E+16	0.2235	0.3154
5.1083E+16	0.2140	0.3218
5.0779E+16	0.2028	0.3281
5.0475E+16	0.1901	0.3338
5.0171E+16	0.1750	0.3397
4.9866E+16	0.1629	0.3461
4.9562E+16	0.1517	0.3525
4.9258E+16	0.1393	0.3589
4.8954E+16	0.1277	0.3653
4.8650E+16	0.1191	0.3717
4.8346E+16	0.1084	0.3797
4.8042E+16	0.0973	0.3894
4.7738E+16	0.0848	0.3963
4.7434E+16	0.0722	0.4027
4.7130E+16	0.0597	0.4134
4.6826E+16	0.0471	0.4242
4.6522E+16	0.0346	0.4349
4.6218E+16	0.0220	0.4460
4.5914E+16	0.0095	0.4581
4.5610E+16	-0.0031	0.4707
4.5306E+16	-0.0153	0.4837
4.5001E+16	-0.0273	0.4978
4.4697E+16	-0.0406	0.5122
4.4393E+16	-0.0547	0.5244
4.4089E+16	-0.0689	0.5368
4.3785E+16	-0.0830	0.5497
4.3481E+16	-0.0955	0.5645
4.3177E+16	-0.1089	0.5811
4.2873E+16	-0.1233	0.5957
4.2569E+16	-0.1409	0.6100
4.2265E+16	-0.1560	0.6239
4.1961E+16	-0.1671	0.6407
4.1657E+16	-0.1790	0.6576
4.1353E+16	-0.1916	0.6742
4.1049E+16	-0.2041	0.6931
4.0745E+16	-0.2172	0.7116
4.0440E+16	-0.2323	0.7283
4.0136E+16	-0.2438	0.7455
3.9832E+16	-0.2528	0.7628
3.9528E+16	-0.2643	0.7790
3.9224E+16	-0.2768	0.7963
3.8920E+16	-0.2879	0.8140
3.8616E+16	-0.2977	0.8325
3.8312E+16	-0.3023	0.8520
3.8008E+16	-0.3105	0.8714
3.7704E+16	-0.3216	0.8909
3.7400E+16	-0.3292	0.9103
3.7096E+16	-0.3380	0.9257
3.6792E+16	-0.3469	0.9452
3.6488E+16	-0.3515	0.9603
3.6184E+16	-0.3560	0.9724
3.5880E+16	-0.3606	0.9845
3.5575E+16	-0.3645	0.9955
3.5271E+16	-0.3666	1.0002
3.4967E+16	-0.3697	0.9911
3.4663E+16	-0.3765	0.9761
3.4359E+16	-0.3880	0.9594
3.4055E+16	-0.4105	0.9413
3.3751E+16	-0.4470	0.9213
3.3447E+16	-0.5317	0.9100
3.3143E+16	-0.6098	0.9046
3.2839E+16	-0.6836	0.9157
3.2535E+16	-0.8364	0.9372
3.2231E+16	-0.8784	0.9691
3.1927E+16	-0.9680	0.9679
3.1623E+16	-1.0472	1.0200
3.1319E+16	-1.0708	1.0721
3.1015E+16	-1.1073	1.1242
3.0710E+16	-1.1749	1.1764
3.0406E+16	-1.2310	1.2120
3.0102E+16	-1.2916	1.2351
2.9798E+16	-1.3812	1.2953
2.9494E+16	-1.4446	1.3593
2.9190E+16	-1.4857	1.4233
2.8886E+16	-1.5290	1.4896
2.8582E+16	-1.5745	1.5667
2.8278E+16	-1.6336	1.6447
2.7974E+16	-1.7012	1.7305
2.7670E+16	-1.7687	1.8164
2.7366E+16	-1.8363	1.9023
2.7062E+16	-1.8842	1.9941
2.6758E+16	-1.9305	2.0966
2.6454E+16	-1.9981	2.1991
2.6149E+16	-2.0657	2.3016
2.5845E+16	-2.1332	2.4084
2.5541E+16	-2.2008	2.5161
2.5237E+16	-2.2684	2.6029
2.4933E+16	-2.3330	2.6939
2.4629E+16	-2.3939	2.8396
2.4325E+16	-2.4574	2.9853
2.4021E+16	-2.5250	3.1311
2.3717E+16	-2.5891	3.2583
2.3413E+16	-2.6501	3.3783
2.3109E+16	-2.7201	3.4859
2.2805E+16	-2.8009	3.6130
2.2501E+16	-2.9025	3.8075
2.2197E+16	-3.0363	3.9477
2.1893E+16	-3.2058	4.1153
2.1589E+16	-3.4124	4.3098
2.1284E+16	-3.6795	4.5184
2.0980E+16	-3.9776	4.7676
2.0676E+16	-4.3626	5.1122
2.0372E+16	-4.8656	5.4343
2.0068E+16	-5.5107	5.9218
1.9764E+16	-6.2397	6.7341
1.9460E+16	-7.2988	8.1070
1.9156E+16	-8.5463	11.3415
1.8852E+16	-7.9924	14.6186
1.8548E+16	-5.8409	17.9649
1.8244E+16	-2.2593	18.3402
1.7940E+16	0.5237	18.1560
1.7636E+16	3.5903	17.5410
1.7332E+16	6.0542	16.4771
1.7028E+16	7.5779	15.2509
1.6724E+16	8.5043	13.3989
1.6419E+16	9.1946	12.2484
1.6115E+16	9.6678	11.2482
1.5811E+16	9.9551	10.0595
1.5507E+16	10.1218	9.2838
1.5203E+16	10.1431	8.5536
1.4899E+16	10.0494	7.8667
1.4595E+16	9.9061	7.1213
1.4291E+16	9.7996	6.7026
1.3987E+16	9.7100	6.3102
1.3683E+16	9.6931	5.9380
1.3379E+16	9.6914	5.5947
1.3075E+16	9.7278	5.3207
1.2771E+16	9.7656	5.0892
1.2467E+16	9.8994	4.8602
1.2163E+16	10.0707	4.6266
1.1858E+16	10.3300	4.3670
1.1554E+16	10.6772	4.0817
1.1250E+16	11.1070	3.4192
1.0946E+16	11.5784	2.6413
1.0642E+16	10.7759	0.5806
1.0338E+16	9.6692	0.1816
1.0034E+16	8.9334	0.1248
9.7300E+15	8.5397	0.0974
9.4260E+15	8.1961	0.0700
9.1219E+15	7.9386	0.0426
8.8179E+15	7.6811	0.0161
8.5138E+15	7.4404	0.0000
8.2097E+15	7.2401	0.0000
7.9057E+15	7.1127	0.0000
7.6016E+15	6.9629	0.0000
7.2975E+15	6.7910	0.0000
6.9935E+15	6.6655	0.0000
6.6894E+15	6.5581	0.0000
6.3853E+15	6.4583	0.0000
6.0813E+15	6.3687	0.0000
5.7772E+15	6.2791	0.0000
5.4731E+15	6.1895	0.0000
5.1691E+15	6.1173	0.0000
4.8650E+15	6.0762	0.0000
4.5610E+15	6.0273	0.0000
4.2569E+15	5.9597	0.0000
3.9528E+15	5.9121	0.0000
3.6488E+15	5.8907	0.0000
3.3447E+15	5.8605	0.0000
3.0406E+15	5.8150	0.0000
2.7366E+15	5.7915	0.0000
2.4325E+15	5.7898	0.0000
2.1284E+15	5.7602	0.0000
1.8244E+15	5.7146	0.0000
1.5203E+15	5.7031	0.0000
1.2163E+15	5.7015	0.0000
9.1219E+14	5.6798	0.0000
6.0813E+14	5.6574	0.0000
3.0406E+14	5.6557	0.0000
1.8850E+14	5.6541	0.0000