1.51907E+18	9.40900E-01	3.49200E-05
1.36695E+18	9.40900E-01	4.46200E-05
1.21526E+18	9.40900E-01	7.76000E-05
1.06361E+18	9.40900E-01	1.35800E-04
9.11738E+17	9.40900E-01	2.13400E-04
7.59537E+17	9.40900E-01	4.07400E-04
6.07630E+17	9.40900E-01	9.70000E-04
4.55759E+17	9.40898E-01	2.71600E-03
4.30156E+17	9.40897E-01	3.29800E-03
4.25396E+17	9.40900E-01	1.66840E-04
3.03864E+17	9.40900E-01	4.46200E-04
2.27879E+17	9.40900E-01	1.16400E-03
1.51907E+17	9.40894E-01	4.85000E-03
1.21526E+17	9.40855E-01	1.30775E-02
1.06361E+17	9.21505E-01	1.87469E-02
9.11738E+16	8.83410E-01	2.59440E-02
7.59537E+16	8.45775E-01	4.60000E-02
6.07630E+16	7.89075E-01	9.79000E-02
5.31805E+16	7.30760E-01	1.61714E-01
5.01371E+16	6.99567E-01	1.90744E-01
4.86104E+16	6.89760E-01	1.99682E-01
4.70913E+16	6.79801E-01	2.20440E-01
4.55759E+16	6.59600E-01	2.39250E-01
4.40620E+16	6.39883E-01	2.79756E-01
4.25396E+16	6.20256E-01	2.99330E-01
4.10203E+16	6.10381E-01	3.39780E-01
3.94978E+16	5.90720E-01	3.79488E-01
3.79845E+16	5.69733E-01	4.40044E-01
3.64625E+16	5.20455E-01	4.99592E-01
3.49407E+16	5.00391E-01	5.81080E-01
3.34218E+16	4.69616E-01	6.40770E-01
3.19047E+16	4.60143E-01	7.09424E-01
3.03864E+16	4.30003E-01	8.00004E-01
2.88638E+16	4.09452E-01	8.99536E-01
2.73469E+16	4.00588E-01	1.03118E+00
2.58282E+16	4.10031E-01	1.19996E+00
2.43083E+16	4.39632E-01	1.41853E+00
2.27879E+16	4.65696E-01	1.67580E+00
2.12698E+16	7.50831E-01	2.19976E+00
1.97510E+16	1.23920E+00	2.37720E+00
1.82348E+16	1.84598E+00	2.31260E+00
1.67139E+16	2.20522E+00	2.00284E+00
1.51907E+16	2.31750E+00	2.00080E+00
1.48905E+16	2.40017E+00	1.99365E+00
1.45793E+16	2.45919E+00	2.07189E+00
1.42809E+16	2.51251E+00	2.16859E+00
1.39737E+16	2.57853E+00	2.25205E+00
1.36695E+16	2.66154E+00	2.30298E+00
1.34451E+16	2.86149E+00	2.33092E+00
1.33687E+16	3.01783E+00	2.36971E+00
1.32186E+16	3.34308E+00	2.43800E+00
1.30628E+16	3.48060E+00	2.43779E+00
1.29907E+16	3.56580E+00	2.37245E+00
1.27619E+16	3.98333E+00	2.18890E+00
1.25326E+16	4.13228E+00	1.74924E+00
1.24580E+16	4.14955E+00	1.59629E+00
1.23034E+16	4.17483E+00	1.29188E+00
1.21526E+16	4.07887E+00	9.76239E-01
1.20747E+16	4.01897E+00	8.72283E-01
1.18469E+16	3.83627E+00	5.69560E-01
1.16203E+16	3.69200E+00	3.80490E-01
1.15491E+16	3.63842E+00	3.20765E-01
1.13954E+16	3.51897E+00	2.42133E-01
1.12457E+16	3.35786E+00	1.64970E-01
1.11657E+16	3.27089E+00	1.44322E-01
1.09387E+16	2.99920E+00	8.66000E-02
1.07087E+16	2.94096E+00	5.57032E-02
1.06361E+16	2.91834E+00	4.57843E-02
1.04822E+16	2.86952E+00	3.57434E-02
1.03327E+16	2.79736E+00	2.57573E-02
1.02540E+16	2.75887E+00	2.27557E-02
1.00248E+16	2.69943E+00	1.41298E-02
9.80048E+15	2.66995E+00	9.32687E-03
9.72458E+15	2.65399E+00	7.65681E-03
9.57140E+15	2.62116E+00	6.09715E-03
9.41826E+15	2.59747E+00	4.51267E-03
9.34351E+15	2.58566E+00	4.08110E-03
9.11738E+15	2.55041E+00	2.74684E-03
8.88934E+15	2.49008E+00	2.17985E-03
8.81034E+15	2.47390E+00	1.98181E-03
8.73679E+15	2.45862E+00	1.88662E-03
8.50791E+15	2.43768E+00	1.59253E-03
8.43174E+15	2.43048E+00	1.53686E-03
8.20406E+15	2.39940E+00	1.36312E-03
7.97819E+15	2.38085E+00	1.22113E-03
7.90122E+15	2.37072E+00	1.17018E-03
7.74846E+15	2.35009E+00	9.70082E-04
7.59537E+15	2.32983E+00	7.63189E-04
7.51957E+15	2.31953E+00	5.33050E-04
7.44526E+15	2.31368E+00	3.04215E-04
7.29250E+15	2.30129E+00	1.69388E-04
7.14045E+15	2.29325E+00	3.02870E-05
7.06546E+15	2.28917E+00	0.00000E+00
6.83721E+15	2.28010E+00	0.00000E+00
6.60930E+15	2.27105E+00	0.00000E+00
6.38093E+15	2.26503E+00	0.00000E+00
6.15371E+15	2.25600E+00	0.00000E+00
5.92530E+15	2.25000E+00	0.00000E+00
5.69768E+15	2.24400E+00	0.00000E+00
5.46937E+15	2.24400E+00	0.00000E+00
5.24110E+15	2.24400E+00	0.00000E+00
5.01371E+15	2.24400E+00	0.00000E+00
4.78570E+15	2.24101E+00	0.00000E+00
4.55759E+15	2.23503E+00	0.00000E+00
4.33023E+15	2.23503E+00	0.00000E+00
4.10203E+15	2.22905E+00	0.00000E+00
3.87423E+15	2.22606E+00	0.00000E+00
3.64625E+15	2.22010E+00	0.00000E+00
3.41799E+15	2.22010E+00	0.00000E+00
3.19047E+15	2.19632E+00	0.00000E+00
2.96265E+15	2.19040E+00	0.00000E+00
2.73469E+15	2.18448E+00	0.00000E+00
2.50686E+15	2.17858E+00	0.00000E+00
2.27879E+15	2.16384E+00	0.00000E+00
2.05101E+15	2.14916E+00	0.00000E+00
2.04745E+15	2.14935E+00	2.91175E-06
1.94191E+15	2.15555E+00	9.40392E-05
1.84672E+15	2.16175E+00	1.85429E-04
1.76042E+15	2.16796E+00	2.77080E-04
1.68183E+15	2.17418E+00	3.68993E-04
1.60996E+15	2.18040E+00	4.61168E-04
1.54398E+15	2.18664E+00	5.53606E-04
1.48319E+15	2.19288E+00	6.46305E-04
1.42701E+15	2.19914E+00	7.39266E-04
1.37493E+15	2.20540E+00	8.32489E-04
1.32652E+15	2.21167E+00	9.25974E-04
1.28140E+15	2.21795E+00	1.01972E-03
1.23924E+15	2.22424E+00	1.11373E-03
1.19978E+15	2.23054E+00	1.20800E-03
1.16275E+15	2.23685E+00	1.30253E-03
1.12794E+15	2.24317E+00	1.39733E-03
1.09515E+15	2.24949E+00	1.49238E-03
1.09261E+15	2.25000E+00	1.50000E-03
1.09071E+15	2.25000E+00	1.59000E-03
1.08882E+15	2.25000E+00	1.71000E-03
1.08693E+15	2.25000E+00	1.86000E-03
1.08505E+15	2.25000E+00	1.71000E-03
1.08318E+15	2.25000E+00	1.44000E-03
1.08132E+15	2.25000E+00	1.35000E-03
1.07760E+15	2.25000E+00	1.23000E-03
1.07392E+15	2.25000E+00	1.23000E-03
1.06965E+15	2.25000E+00	1.29000E-03
1.06783E+15	2.25000E+00	1.41000E-03
1.06602E+15	2.25000E+00	1.44000E-03
1.06421E+15	2.25000E+00	1.38000E-03
1.06241E+15	2.25000E+00	1.32000E-03
1.05883E+15	2.25000E+00	1.23000E-03
1.05468E+15	2.25000E+00	1.23000E-03
1.03611E+15	2.25000E+00	1.20000E-03
1.01709E+15	2.25000E+00	1.14000E-03
9.98226E+14	2.25000E+00	1.11000E-03
9.79538E+14	2.25000E+00	1.11000E-03
9.60557E+14	2.25000E+00	1.14000E-03
9.41826E+14	2.25000E+00	1.14000E-03
9.22906E+14	2.25000E+00	1.14000E-03
9.04297E+14	2.25000E+00	1.14000E-03
8.85175E+14	2.25000E+00	1.14000E-03
8.66445E+14	2.25000E+00	1.17000E-03
8.47728E+14	2.25000E+00	1.20000E-03
8.43930E+14	2.25000E+00	1.26000E-03
8.40166E+14	2.25000E+00	1.32000E-03
8.36435E+14	2.25000E+00	1.38000E-03
8.32737E+14	2.25000E+00	1.50000E-03
8.28707E+14	2.25000E+00	1.71000E-03
8.25077E+14	2.25000E+00	2.13000E-03
8.21121E+14	2.25000E+00	2.82000E-03
8.19335E+14	2.25000E+00	3.60000E-03
8.17557E+14	2.25000E+00	5.70000E-03
8.15787E+14	2.24999E+00	7.50000E-03
8.13672E+14	2.25000E+00	5.10000E-03
8.11919E+14	2.25000E+00	3.00000E-03
8.09824E+14	2.25000E+00	3.60000E-03
8.06358E+14	2.25000E+00	3.60000E-03
8.04292E+14	2.25000E+00	3.90000E-03
8.02578E+14	2.25000E+00	4.50000E-03
8.00532E+14	2.25000E+00	5.40000E-03
7.98834E+14	2.25000E+00	3.60000E-03
7.94790E+14	2.25000E+00	3.60000E-03
7.91118E+14	2.25000E+00	4.20000E-03
7.87480E+14	2.25000E+00	4.20000E-03
7.85509E+14	2.25000E+00	4.20000E-03
7.83549E+14	2.25000E+00	4.20000E-03
7.81598E+14	2.25000E+00	4.20000E-03
7.79980E+14	2.25000E+00	4.20000E-03
7.78047E+14	2.25000E+00	3.90000E-03
7.76123E+14	2.25000E+00	4.20000E-03
7.74209E+14	2.25000E+00	4.20000E-03
7.72305E+14	2.25000E+00	4.20000E-03
7.70410E+14	2.25000E+00	3.30000E-03
7.68524E+14	2.25000E+00	3.00000E-03
7.64779E+14	2.25000E+00	2.82000E-03
7.61071E+14	2.25000E+00	2.58000E-03
7.57095E+14	2.25000E+00	2.52000E-03
7.53461E+14	2.25000E+00	2.13000E-03
7.51657E+14	2.25000E+00	2.19000E-03
7.49563E+14	2.25000E+00	2.22000E-03
7.47778E+14	2.25000E+00	2.10000E-03
7.46001E+14	2.25000E+00	2.16000E-03
7.42179E+14	2.25000E+00	2.16000E-03
7.38397E+14	2.25000E+00	2.37000E-03
7.34653E+14	2.25000E+00	2.43000E-03
7.30947E+14	2.25000E+00	2.40000E-03
7.26998E+14	2.25000E+00	2.31000E-03
7.23368E+14	2.25000E+00	2.22000E-03
7.19500E+14	2.25000E+00	2.34000E-03
7.15673E+14	2.25000E+00	2.31000E-03
7.11886E+14	2.25000E+00	2.19000E-03
7.08140E+14	2.25000E+00	2.10000E-03
7.04432E+14	2.25000E+00	2.04000E-03
7.00763E+14	2.25000E+00	2.07000E-03
6.96874E+14	2.25000E+00	2.10000E-03
6.93284E+14	2.25000E+00	2.94000E-03
6.89477E+14	2.25000E+00	2.40000E-03
6.87464E+14	2.25000E+00	2.58000E-03
7.62612E+14	2.25000E+00	2.43000E-03
6.83721E+14	2.25000E+00	2.40000E-03
6.81988E+14	2.25000E+00	2.28000E-03
6.80019E+14	2.25000E+00	3.00000E-03
6.78060E+14	2.25000E+00	2.58000E-03
6.74419E+14	2.25000E+00	1.92000E-03
6.70577E+14	2.25000E+00	1.74000E-03
6.66779E+14	2.25000E+00	1.65000E-03
6.63024E+14	2.25000E+00	1.65000E-03
6.59311E+14	2.25000E+00	1.65000E-03
6.55411E+14	2.25000E+00	1.77000E-03
6.51783E+14	2.25000E+00	1.86000E-03
6.47971E+14	2.25000E+00	1.98000E-03
6.44204E+14	2.25000E+00	1.92000E-03
6.40480E+14	2.25000E+00	1.92000E-03
6.38526E+14	2.25000E+00	2.04000E-03
6.36584E+14	2.25000E+00	2.16000E-03
6.34867E+14	2.25000E+00	2.19000E-03
6.32947E+14	2.25000E+00	2.13000E-03
6.29142E+14	2.25000E+00	2.04000E-03
6.25382E+14	2.25000E+00	2.04000E-03
6.21667E+14	2.25000E+00	2.04000E-03
6.17793E+14	2.25000E+00	2.04000E-03
6.14167E+14	2.25000E+00	2.13000E-03
6.10386E+14	2.25000E+00	2.19000E-03
6.06456E+14	2.25000E+00	2.28000E-03
6.02769E+14	2.25000E+00	2.31000E-03
5.98935E+14	2.25000E+00	2.37000E-03
5.95151E+14	2.25000E+00	2.58000E-03
5.91413E+14	2.25000E+00	2.85000E-03
5.87723E+14	2.25000E+00	5.40000E-03
5.83897E+14	2.25000E+00	4.50000E-03
5.80121E+14	2.24999E+00	6.90000E-03
5.76393E+14	2.24999E+00	8.10000E-03
5.72713E+14	2.24999E+00	9.30000E-03
5.68907E+14	2.24999E+00	1.14000E-02
5.65152E+14	2.24998E+00	1.35000E-02
5.61279E+14	2.24996E+00	1.83000E-02
5.57623E+14	2.24991E+00	2.85000E-02
5.53852E+14	2.24922E+00	8.40000E-02
5.51905E+14	2.24467E+00	2.19000E-01
5.49971E+14	2.21390E+00	5.70000E-01
5.48211E+14	2.24226E+00	2.64000E-01
5.46303E+14	2.24730E+00	1.56000E-01
5.44408E+14	2.24788E+00	1.38000E-01
5.42526E+14	2.24938E+00	7.50000E-02
5.40658E+14	2.24952E+00	6.60000E-02
5.38648E+14	2.24891E+00	9.90000E-02
5.36806E+14	2.22750E+00	4.50000E-01
5.34976E+14	2.24870E+00	1.08000E-01
5.33008E+14	2.24978E+00	4.50000E-02
5.31205E+14	2.24988E+00	3.30000E-02
5.27486E+14	2.24994E+00	2.34000E-02
5.23673E+14	2.24999E+00	1.08000E-02
5.19915E+14	2.24999E+00	8.70000E-03
5.16069E+14	2.24999E+00	7.80000E-03
5.12419E+14	2.24999E+00	7.20000E-03
5.08683E+14	2.25000E+00	6.30000E-03
5.04865E+14	2.25000E+00	5.40000E-03
5.02978E+14	2.24999E+00	6.90000E-03
5.01104E+14	2.24999E+00	1.14000E-02
4.99113E+14	2.24999E+00	7.20000E-03
4.97268E+14	2.24999E+00	8.40000E-03
4.95437E+14	2.24999E+00	7.50000E-03
4.93490E+14	2.24999E+00	7.50000E-03
4.89769E+14	2.25000E+00	5.40000E-03
4.85978E+14	2.25000E+00	4.50000E-03
4.82246E+14	2.25000E+00	4.20000E-03
4.80278E+14	2.25000E+00	3.00000E-03
4.78448E+14	2.25000E+00	3.30000E-03
4.76512E+14	2.25000E+00	2.55000E-03
4.74711E+14	2.25000E+00	3.30000E-03
4.70913E+14	2.25000E+00	1.89000E-03
4.69037E+14	2.25000E+00	1.83000E-03
4.67175E+14	2.25000E+00	1.92000E-03
4.65214E+14	2.25000E+00	1.74000E-03
4.63383E+14	2.25000E+00	1.53000E-03
4.59651E+14	2.25000E+00	1.50000E-03
4.55869E+14	2.25000E+00	1.89000E-03
4.54001E+14	2.25000E+00	1.89000E-03
4.52040E+14	2.25000E+00	1.71000E-03
4.48275E+14	2.25000E+00	1.56000E-03
4.44572E+14	2.25000E+00	2.01000E-03
4.42691E+14	2.25000E+00	3.30000E-03
4.40723E+14	2.25000E+00	3.30000E-03
4.38875E+14	2.25000E+00	3.30000E-03
4.37042E+14	2.25000E+00	2.88000E-03
4.33223E+14	2.25000E+00	2.04000E-03
4.31338E+14	2.25000E+00	1.98000E-03
4.29469E+14	2.25000E+00	2.10000E-03
4.27617E+14	2.25000E+00	1.89000E-03
4.25684E+14	2.25000E+00	1.53000E-03
4.23864E+14	2.25000E+00	1.50000E-03
4.21965E+14	2.25000E+00	1.86000E-03
4.20083E+14	2.25000E+00	1.35000E-03
4.18125E+14	2.25000E+00	1.56000E-03
4.16277E+14	2.25000E+00	1.38000E-03
4.14445E+14	2.25000E+00	1.38000E-03
4.12539E+14	2.25000E+00	1.47000E-03
4.10650E+14	2.25000E+00	1.47000E-03
4.08779E+14	2.25000E+00	1.47000E-03
4.06836E+14	2.25000E+00	1.62000E-03
4.04999E+14	2.25000E+00	1.71000E-03
4.03093E+14	2.25000E+00	1.59000E-03
4.01204E+14	2.25000E+00	1.35000E-03
3.99333E+14	2.25000E+00	1.26000E-03
3.95559E+14	2.25000E+00	1.29000E-03
3.91774E+14	2.25000E+00	1.32000E-03
3.88062E+14	2.25000E+00	1.50000E-03
3.84262E+14	2.25000E+00	2.07000E-03
3.82390E+14	2.25000E+00	2.49000E-03
3.80536E+14	2.25000E+00	3.00000E-03
3.78623E+14	2.25000E+00	1.86000E-03
3.76730E+14	2.25000E+00	1.50000E-03
3.72926E+14	2.25000E+00	1.35000E-03
3.69199E+14	2.25000E+00	1.59000E-03
3.67327E+14	2.25000E+00	1.59000E-03
3.65403E+14	2.25000E+00	1.53000E-03
3.61684E+14	2.25000E+00	1.65000E-03
3.59750E+14	2.25000E+00	1.92000E-03
3.57905E+14	2.25000E+00	2.43000E-03
3.56011E+14	2.25000E+00	2.19000E-03
3.54136E+14	2.25000E+00	1.35000E-03
3.50382E+14	2.25000E+00	1.08000E-03
3.46578E+14	2.25000E+00	1.17000E-03
3.44739E+14	2.25000E+00	1.41000E-03
3.42794E+14	2.25000E+00	1.77000E-03
3.40932E+14	2.25000E+00	1.47000E-03
3.39030E+14	2.25000E+00	1.38000E-03
3.37149E+14	2.25000E+00	1.32000E-03
3.35289E+14	2.25000E+00	1.29000E-03
3.33390E+14	2.25000E+00	1.29000E-03
3.31512E+14	2.25000E+00	1.38000E-03
3.29656E+14	2.25000E+00	1.62000E-03
3.27763E+14	2.25000E+00	2.07000E-03
3.25891E+14	2.25000E+00	2.10000E-03
3.23985E+14	2.25000E+00	1.86000E-03
3.22102E+14	2.25000E+00	1.65000E-03
3.20240E+14	2.25000E+00	1.56000E-03
3.18346E+14	2.25000E+00	1.56000E-03
3.16474E+14	2.25000E+00	1.56000E-03
3.14571E+14	2.25000E+00	1.56000E-03
3.12691E+14	2.25000E+00	1.62000E-03
3.10782E+14	2.25000E+00	2.01000E-03
3.08897E+14	2.25000E+00	3.60000E-03
3.07034E+14	2.25000E+00	2.64000E-03
3.05144E+14	2.25000E+00	2.49000E-03
3.03277E+14	2.25000E+00	2.61000E-03
3.01384E+14	2.25000E+00	2.76000E-03
2.99515E+14	2.25000E+00	2.97000E-03
2.97622E+14	2.25000E+00	2.91000E-03
2.95753E+14	2.25000E+00	2.70000E-03
2.93861E+14	2.25000E+00	2.70000E-03
2.91948E+14	2.25000E+00	2.91000E-03
2.90060E+14	2.25000E+00	3.00000E-03
2.88196E+14	2.25000E+00	3.60000E-03
2.86313E+14	2.25000E+00	3.90000E-03
2.84411E+14	2.25000E+00	4.80000E-03
2.82534E+14	2.24999E+00	8.70000E-03
2.80681E+14	2.24997E+00	1.62000E-02
2.79723E+14	2.24971E+00	5.10000E-02
2.78770E+14	2.24798E+00	1.35000E-01
2.77825E+14	2.24878E+00	1.05000E-01
2.76885E+14	2.24910E+00	9.00000E-02
2.75952E+14	2.24698E+00	1.65000E-01
2.75026E+14	2.24922E+00	8.40000E-02
2.73112E+14	2.24993E+00	2.55000E-02
2.71263E+14	2.24997E+00	1.77000E-02
2.69362E+14	2.24998E+00	1.23000E-02
2.67488E+14	2.24999E+00	9.00000E-03
2.65602E+14	2.24999E+00	7.20000E-03
2.63706E+14	2.25000E+00	6.30000E-03
2.61836E+14	2.25000E+00	3.60000E-03
2.59957E+14	2.25000E+00	4.80000E-03
2.58992E+14	2.25000E+00	6.60000E-03
2.58070E+14	2.24999E+00	8.70000E-03
2.57119E+14	2.24999E+00	8.40000E-03
2.56175E+14	2.24999E+00	7.50000E-03
2.55237E+14	2.24999E+00	7.20000E-03
2.54307E+14	2.24999E+00	7.20000E-03
2.53315E+14	2.25000E+00	6.30000E-03
2.50519E+14	2.25000E+00	4.50000E-03
2.48634E+14	2.25000E+00	4.50000E-03
2.46745E+14	2.25000E+00	5.70000E-03
2.44884E+14	2.25000E+00	6.00000E-03
2.42989E+14	2.25000E+00	5.40000E-03
2.41092E+14	2.25000E+00	4.80000E-03
2.39224E+14	2.25000E+00	3.90000E-03
2.37325E+14	2.25000E+00	3.60000E-03
2.35456E+14	2.25000E+00	3.30000E-03
2.33559E+14	2.25000E+00	3.00000E-03
2.31691E+14	2.25000E+00	3.00000E-03
2.29798E+14	2.25000E+00	2.88000E-03
2.27935E+14	2.25000E+00	2.76000E-03
2.26047E+14	2.25000E+00	2.67000E-03
2.24164E+14	2.25000E+00	2.79000E-03
2.23208E+14	2.25000E+00	2.73000E-03
2.22260E+14	2.25000E+00	2.82000E-03
2.21320E+14	2.25000E+00	3.60000E-03
2.20387E+14	2.25000E+00	2.97000E-03
2.19438E+14	2.25000E+00	2.91000E-03
2.18496E+14	2.25000E+00	2.97000E-03
2.16611E+14	2.25000E+00	2.85000E-03
2.14735E+14	2.25000E+00	2.88000E-03
2.12842E+14	2.25000E+00	2.97000E-03
2.10959E+14	2.25000E+00	3.30000E-03
2.09086E+14	2.25000E+00	3.30000E-03
2.07200E+14	2.25000E+00	2.82000E-03
2.05415E+14	2.25000E+00	3.30000E-03
2.03440E+14	2.25000E+00	3.90000E-03
2.02500E+14	2.25000E+00	3.90000E-03
2.01546E+14	2.25000E+00	3.60000E-03
2.00602E+14	2.25000E+00	3.60000E-03
1.99666E+14	2.25000E+00	3.30000E-03
1.98718E+14	2.25000E+00	3.30000E-03
1.97779E+14	2.25000E+00	3.30000E-03
1.96849E+14	2.25000E+00	2.79000E-03
1.95908E+14	2.25000E+00	2.76000E-03
1.94011E+14	2.25000E+00	2.46000E-03
1.92131E+14	2.25000E+00	2.43000E-03
1.90249E+14	2.25000E+00	2.49000E-03
1.88365E+14	2.25000E+00	3.00000E-03
1.87428E+14	2.25000E+00	3.90000E-03
1.86500E+14	2.25000E+00	4.50000E-03
1.85581E+14	2.25000E+00	3.90000E-03
1.84672E+14	2.25000E+00	3.30000E-03
1.83592E+14	2.25000E+00	2.40000E-03
1.82701E+14	2.25000E+00	2.52000E-03
1.81820E+14	2.25000E+00	2.73000E-03
1.80773E+14	2.25000E+00	2.55000E-03
1.79909E+14	2.25000E+00	2.49000E-03
1.78884E+14	2.25000E+00	2.46000E-03
1.77035E+14	2.25000E+00	2.49000E-03
1.75223E+14	2.25000E+00	2.61000E-03
1.73289E+14	2.25000E+00	3.90000E-03
1.72338E+14	2.25000E+00	4.80000E-03
1.71866E+14	2.24999E+00	6.90000E-03
1.71397E+14	2.24999E+00	1.05000E-02
1.70930E+14	2.24999E+00	1.08000E-02
1.70466E+14	2.24999E+00	8.10000E-03
1.69546E+14	2.25000E+00	5.10000E-03
1.67585E+14	2.25000E+00	2.70000E-03
1.65814E+14	2.25000E+00	2.43000E-03
1.63938E+14	2.25000E+00	2.01000E-03
1.61965E+14	2.25000E+00	2.16000E-03
1.60174E+14	2.25000E+00	2.28000E-03
1.58290E+14	2.25000E+00	2.34000E-03
1.56320E+14	2.25000E+00	2.46000E-03
1.54398E+14	2.25000E+00	2.61000E-03
1.52522E+14	2.25000E+00	2.85000E-03
1.50692E+14	2.25000E+00	3.00000E-03
1.48788E+14	2.25000E+00	3.30000E-03
1.46931E+14	2.25000E+00	3.30000E-03
1.45008E+14	2.25000E+00	3.90000E-03
1.43135E+14	2.25000E+00	4.80000E-03
1.41309E+14	2.24999E+00	6.90000E-03
1.39426E+14	2.24996E+00	1.92000E-02
1.38402E+14	2.24964E+00	5.70000E-02
1.37493E+14	2.24344E+00	2.43000E-01
1.36595E+14	2.24916E+00	8.70000E-02
1.35612E+14	2.24510E+00	2.10000E-01
1.34643E+14	2.24964E+00	5.70000E-02
1.33782E+14	2.24986E+00	3.60000E-02
1.31816E+14	2.24999E+00	1.05000E-02
1.29997E+14	2.25000E+00	5.70000E-03
1.28052E+14	2.25000E+00	4.50000E-03
1.26166E+14	2.25000E+00	3.60000E-03
8.46205E+13	2.29189E+00	2.33141E-03
8.42420E+13	2.29183E+00	2.39193E-03
8.38669E+13	2.29171E+00	2.21021E-03
8.34952E+13	2.29162E+00	2.27072E-03
8.31634E+13	2.29159E+00	2.72484E-03
8.27615E+13	2.29159E+00	2.27070E-03
8.23995E+13	2.29153E+00	2.05874E-03
8.20406E+13	2.29147E+00	2.11926E-03
8.16848E+13	2.29144E+00	2.14953E-03
8.12970E+13	2.29144E+00	2.14953E-03
8.09476E+13	2.29141E+00	2.11924E-03
8.05668E+13	2.29138E+00	2.08895E-03
8.01895E+13	2.29132E+00	2.11919E-03
7.98496E+13	2.29135E+00	2.14948E-03
7.94790E+13	2.29132E+00	2.11919E-03
7.91118E+13	2.29129E+00	2.02836E-03
7.87151E+13	2.29126E+00	2.02834E-03
7.83549E+13	2.29123E+00	2.08888E-03
7.79980E+13	2.29120E+00	2.11914E-03
7.76123E+13	2.29114E+00	2.08884E-03
7.72622E+13	2.29111E+00	2.02828E-03
7.68837E+13	2.29105E+00	2.02825E-03
7.65090E+13	2.29101E+00	2.05851E-03
7.61687E+13	2.29098E+00	2.05850E-03
7.58009E+13	2.29092E+00	2.02820E-03
7.54064E+13	2.29089E+00	1.96764E-03
7.50459E+13	2.29083E+00	1.96762E-03
7.46888E+13	2.29083E+00	1.99789E-03
7.43058E+13	2.29080E+00	1.99787E-03
7.39557E+13	2.29080E+00	2.02814E-03
7.35801E+13	2.29074E+00	2.05839E-03
7.32084E+13	2.29068E+00	2.05836E-03
7.28404E+13	2.29065E+00	2.08862E-03
7.24760E+13	2.29062E+00	2.14914E-03
7.21153E+13	2.29056E+00	2.14911E-03
7.17308E+13	2.29050E+00	2.08855E-03
7.13775E+13	2.29047E+00	2.11880E-03
7.10008E+13	2.29044E+00	2.14906E-03
7.06281E+13	2.29041E+00	2.14904E-03
7.02593E+13	2.29044E+00	2.11879E-03
6.98943E+13	2.29044E+00	2.14906E-03
6.95331E+13	2.29041E+00	2.14904E-03
6.91756E+13	2.29041E+00	2.11877E-03
6.87966E+13	2.29038E+00	2.08849E-03
6.84218E+13	2.29035E+00	2.08848E-03
6.80510E+13	2.29032E+00	2.08846E-03
6.76842E+13	2.29029E+00	2.05818E-03
6.73214E+13	2.29026E+00	2.02790E-03
6.69624E+13	2.29020E+00	2.02788E-03
6.65837E+13	2.29017E+00	2.02786E-03
6.62325E+13	2.29014E+00	2.02785E-03
6.58619E+13	2.29014E+00	1.99758E-03
6.54955E+13	2.29011E+00	1.99757E-03
6.51107E+13	2.29008E+00	1.99756E-03
6.47525E+13	2.29005E+00	1.99754E-03
6.43763E+13	2.29002E+00	1.99753E-03
6.40045E+13	2.29002E+00	1.99753E-03
6.36369E+13	2.28999E+00	1.99752E-03
6.32735E+13	2.28999E+00	1.99752E-03
6.29142E+13	2.28996E+00	1.99750E-03
6.25382E+13	2.28993E+00	1.99749E-03
6.21667E+13	2.28989E+00	1.96721E-03
6.17996E+13	2.28986E+00	1.99746E-03
6.14368E+13	2.28983E+00	1.99745E-03
6.10782E+13	2.28983E+00	1.99745E-03
6.07042E+13	2.28980E+00	1.99744E-03
6.03348E+13	2.28980E+00	1.99744E-03
5.99698E+13	2.28977E+00	1.99742E-03
5.96092E+13	2.28977E+00	2.02769E-03
5.92343E+13	2.28974E+00	2.02767E-03
5.88641E+13	2.28974E+00	1.99741E-03
5.84985E+13	2.28974E+00	1.99741E-03
5.81195E+13	2.28971E+00	2.02766E-03
5.77630E+13	2.28971E+00	2.05792E-03
5.73934E+13	2.28968E+00	2.05791E-03
5.70285E+13	2.28965E+00	2.05790E-03
5.66512E+13	2.28962E+00	2.05788E-03
5.62956E+13	2.28962E+00	2.08815E-03
5.59279E+13	2.28962E+00	2.11841E-03
5.55486E+13	2.28965E+00	2.11842E-03
5.51905E+13	2.28965E+00	2.11842E-03
5.48211E+13	2.28962E+00	2.14867E-03
5.44565E+13	2.28962E+00	2.17894E-03
5.40813E+13	2.28962E+00	2.17894E-03
5.37112E+13	2.28959E+00	2.17892E-03
5.33461E+13	2.28959E+00	2.20918E-03
5.29711E+13	2.28959E+00	2.20918E-03
5.26160E+13	2.28959E+00	2.23945E-03
5.22366E+13	2.28956E+00	2.29996E-03
5.18769E+13	2.28959E+00	2.33024E-03
5.15081E+13	2.28959E+00	2.33024E-03
5.11445E+13	2.28959E+00	2.36050E-03
5.07723E+13	2.28959E+00	2.36050E-03
5.04054E+13	2.28959E+00	2.39076E-03
5.00306E+13	2.28959E+00	2.39076E-03
4.96613E+13	2.28956E+00	2.42101E-03
4.92973E+13	2.28956E+00	2.42101E-03
4.89260E+13	2.28956E+00	2.45127E-03
4.85602E+13	2.28956E+00	2.48153E-03
4.81999E+13	2.28956E+00	2.51180E-03
4.78327E+13	2.28953E+00	2.57230E-03
4.74591E+13	2.28950E+00	2.60255E-03
4.70913E+13	2.28950E+00	2.63281E-03
4.67291E+13	2.28947E+00	2.66306E-03
4.63611E+13	2.28947E+00	2.66306E-03
4.59876E+13	2.28947E+00	2.69332E-03
4.56200E+13	2.28947E+00	2.75384E-03
4.52475E+13	2.28947E+00	2.78410E-03
4.48809E+13	2.28947E+00	2.84463E-03
4.45202E+13	2.28947E+00	2.87489E-03
4.41446E+13	2.28947E+00	2.90515E-03
4.37753E+13	2.28947E+00	2.90515E-03
4.34121E+13	2.28947E+00	2.93541E-03
4.30451E+13	2.28947E+00	2.96568E-03
4.26745E+13	2.28944E+00	2.99592E-03
4.23102E+13	2.28941E+00	2.99590E-03
4.19428E+13	2.28944E+00	3.05644E-03
4.15725E+13	2.28944E+00	3.08670E-03
4.12087E+13	2.28944E+00	3.14723E-03
4.08335E+13	2.28944E+00	3.23801E-03
4.04651E+13	2.28947E+00	3.23803E-03
4.01033E+13	2.28947E+00	3.20777E-03
3.97311E+13	2.28947E+00	3.20777E-03
3.93658E+13	2.28947E+00	3.20777E-03
3.89990E+13	2.28950E+00	3.26832E-03
3.86311E+13	2.28950E+00	3.35910E-03
3.82623E+13	2.28947E+00	3.38934E-03
3.78928E+13	2.28944E+00	3.44985E-03
3.75229E+13	2.28947E+00	3.48013E-03
3.71602E+13	2.28950E+00	3.48015E-03
3.67901E+13	2.28950E+00	3.54068E-03
3.64202E+13	2.28953E+00	3.60123E-03
3.60576E+13	2.28956E+00	3.57099E-03
3.56887E+13	2.28956E+00	3.51046E-03
3.53207E+13	2.28956E+00	3.57099E-03
3.49536E+13	2.28959E+00	3.63154E-03
3.45814E+13	2.28962E+00	3.63156E-03
3.42171E+13	2.28965E+00	3.60132E-03
3.38482E+13	2.28965E+00	3.60132E-03
3.34812E+13	2.28965E+00	3.63158E-03
3.31104E+13	2.28968E+00	3.69213E-03
3.27421E+13	2.28971E+00	3.75269E-03
3.23763E+13	2.28974E+00	3.69218E-03
3.20077E+13	2.28971E+00	3.69216E-03
3.16421E+13	2.28971E+00	3.75269E-03
3.12691E+13	2.28974E+00	3.78298E-03
3.09049E+13	2.28977E+00	3.81326E-03
3.05341E+13	2.28980E+00	3.81329E-03
3.01674E+13	2.28980E+00	3.78303E-03
2.97999E+13	2.28980E+00	3.78303E-03
2.94321E+13	2.28980E+00	3.78303E-03
2.90642E+13	2.28983E+00	3.81331E-03
2.86967E+13	2.28983E+00	3.84358E-03
2.83298E+13	2.28977E+00	3.87379E-03
2.79598E+13	2.28977E+00	3.84353E-03
2.75912E+13	2.28977E+00	3.90406E-03
2.72243E+13	2.28977E+00	3.96458E-03
2.68556E+13	2.28977E+00	3.96458E-03
2.64893E+13	2.28977E+00	3.93432E-03
2.61219E+13	2.28977E+00	3.93432E-03
2.57541E+13	2.28977E+00	3.96458E-03
2.53861E+13	2.28977E+00	3.99485E-03
2.50186E+13	2.28977E+00	3.99485E-03
2.46487E+13	2.28977E+00	4.05538E-03
2.42801E+13	2.28977E+00	4.05538E-03
2.39133E+13	2.28977E+00	4.02511E-03
2.35456E+13	2.28977E+00	3.99485E-03
2.31777E+13	2.29008E+00	3.93458E-03
2.28100E+13	2.29008E+00	3.87405E-03
2.24431E+13	2.29008E+00	3.84378E-03
2.20749E+13	2.29008E+00	3.84378E-03
2.17061E+13	2.29008E+00	3.81352E-03
2.13372E+13	2.29008E+00	3.87405E-03
2.09714E+13	2.29008E+00	3.84378E-03
2.06021E+13	2.29008E+00	3.78325E-03
2.02347E+13	2.29008E+00	3.75298E-03
1.98676E+13	2.29008E+00	3.72272E-03
1.94995E+13	2.29008E+00	3.72272E-03
1.91311E+13	2.29008E+00	3.81352E-03
1.87615E+13	2.29008E+00	3.90431E-03
1.83950E+13	2.28977E+00	3.87379E-03
1.80254E+13	2.29008E+00	3.84378E-03
1.76537E+13	2.29008E+00	3.87405E-03
1.72971E+13	2.29008E+00	3.87405E-03
1.69241E+13	2.29008E+00	3.78325E-03
1.65523E+13	2.29008E+00	3.72272E-03
1.61826E+13	2.29008E+00	3.72272E-03
1.58157E+13	2.28977E+00	3.72247E-03
1.54524E+13	2.28977E+00	3.75274E-03
1.50813E+13	2.28977E+00	3.93432E-03
1.47160E+13	2.28977E+00	4.29749E-03
1.43462E+13	2.28947E+00	4.81166E-03
1.39841E+13	2.28977E+00	6.08306E-03
1.36102E+13	2.29007E+00	7.02171E-03
1.32465E+13	2.29098E+00	5.69114E-03
1.28753E+13	2.29159E+00	4.54140E-03
1.25076E+13	2.29189E+00	3.90586E-03
1.21448E+13	2.29189E+00	3.48197E-03
1.17728E+13	2.29159E+00	3.30008E-03
1.14022E+13	2.29159E+00	3.30008E-03
9.41826E+12	2.29159E+00	1.87711E-03
8.47728E+12	2.29159E+00	1.69546E-03
7.53461E+12	2.29159E+00	1.54408E-03
6.59311E+12	2.29159E+00	1.36242E-03
5.65152E+12	2.29159E+00	1.21104E-03
4.70913E+12	2.29159E+00	1.02938E-03
3.76730E+12	2.29159E+00	8.78004E-04
2.82534E+12	2.29159E+00	6.96348E-04
1.88365E+12	2.29159E+00	5.14692E-04
9.41826E+11	2.29159E+00	3.63312E-04