193		
2.5472E+15	2.40566	0.000E+00
2.4802E+15	2.40328	0.000E+00
2.4166E+15	2.40107	0.000E+00
2.3562E+15	2.39903	0.000E+00
2.2987E+15	2.39717	0.000E+00
2.2440E+15	2.39544	0.000E+00
2.1918E+15	2.39383	0.000E+00
2.1420E+15	2.39231	0.000E+00
2.0944E+15	2.39092	0.000E+00
2.0489E+15	2.38962	0.000E+00
2.0053E+15	2.38838	0.000E+00
1.9635E+15	2.38724	0.000E+00
1.9234E+15	2.38616	0.000E+00
1.8850E+15	2.38517	0.000E+00
1.5708E+15	2.37770	0.000E+00
1.3464E+15	2.37320	0.000E+00
1.1781E+15	2.37021	0.000E+00
1.0472E+15	2.36855	0.000E+00
9.4248E+14	2.36646	0.000E+00
8.5680E+14	2.36520	0.000E+00
7.8540E+14	2.36415	0.000E+00
7.2498E+14	2.36323	0.000E+00
6.7320E+14	2.36243	0.000E+00
6.2832E+14	2.36166	0.000E+00
5.8905E+14	2.36099	0.000E+00
5.5440E+14	2.36031	0.000E+00
5.2360E+14	2.35963	0.000E+00
4.9604E+14	2.35899	0.000E+00
4.7124E+14	2.35834	0.000E+00
4.4880E+14	2.35767	0.000E+00
4.2840E+14	2.35702	0.000E+00
4.0977E+14	2.35635	0.000E+00
3.9270E+14	2.35567	0.000E+00
3.7699E+14	2.35497	0.000E+00
3.6249E+14	2.35423	0.000E+00
3.4907E+14	2.35349	0.000E+00
3.3660E+14	2.35273	0.000E+00
3.2499E+14	2.35196	0.000E+00
3.1416E+14	2.35116	0.000E+00
3.0403E+14	2.35033	0.000E+00
2.9452E+14	2.34951	0.000E+00
2.8560E+14	2.34865	0.000E+00
2.7720E+14	2.34776	0.000E+00
2.6928E+14	2.34684	0.000E+00
2.6180E+14	2.34589	0.000E+00
2.5472E+14	2.34494	0.000E+00
2.4802E+14	2.34396	0.000E+00
2.4166E+14	2.34295	0.000E+00
2.3562E+14	2.34191	8.815E-10
2.2987E+14	2.34084	1.763E-09
2.2440E+14	2.33974	2.643E-09
2.1918E+14	2.33864	3.524E-09
2.1420E+14	2.33750	4.403E-09
2.0944E+14	2.33634	5.283E-09
2.0489E+14	2.33515	6.162E-09
2.0053E+14	2.33393	7.040E-09
1.9767E+14	2.33307	7.637E-09
1.9635E+14	2.33268	6.829E-09
1.9519E+14	2.33227	6.109E-09
1.9234E+14	2.33139	5.934E-09
1.8850E+14	2.33011	5.689E-09
1.8555E+14	2.32904	5.494E-09
1.8480E+14	2.32877	4.972E-09
1.8295E+14	2.32806	3.662E-09
1.8125E+14	2.32742	5.212E-09
1.7930E+14	2.32664	7.017E-09
1.7798E+14	2.32611	3.050E-09
1.7783E+14	2.32605	3.360E-09
1.7453E+14	2.32462	1.024E-08
1.7136E+14	2.32319	1.711E-08
1.6830E+14	2.32172	2.397E-08
1.6535E+14	2.32023	3.084E-08
1.6250E+14	2.31871	3.769E-08
1.5974E+14	2.31715	4.455E-08
1.5708E+14	2.31560	5.140E-08
1.5450E+14	2.31399	5.824E-08
1.5201E+14	2.31235	6.508E-08
1.4960E+14	2.31067	7.191E-08
1.4726E+14	2.30900	7.874E-08
1.4500E+14	2.30727	8.556E-08
1.4280E+14	2.30554	9.238E-08
1.4067E+14	2.30375	9.919E-08
1.3860E+14	2.30193	1.060E-07
1.3659E+14	2.30011	1.128E-07
1.3464E+14	2.29823	1.196E-07
1.3274E+14	2.29632	1.264E-07
1.3090E+14	2.29441	1.331E-07
1.2911E+14	2.29244	1.399E-07
1.2736E+14	2.29044	1.467E-07
1.2566E+14	2.28841	1.534E-07
1.2401E+14	2.28639	1.602E-07
1.2256E+14	2.28445	1.663E-07
1.2240E+14	2.28430	1.735E-07
1.2083E+14	2.28218	2.460E-07
1.1930E+14	2.28004	3.185E-07
1.1781E+14	2.27787	3.909E-07
1.1636E+14	2.27563	4.632E-07
1.1494E+14	2.27340	5.354E-07
1.1355E+14	2.27114	6.076E-07
1.1307E+14	2.27037	6.328E-07
1.1220E+14	2.26882	7.805E-07
1.1088E+14	2.26647	1.007E-06
1.0959E+14	2.26412	1.234E-06
1.0833E+14	2.26172	1.460E-06
1.0710E+14	2.25928	1.687E-06
1.0590E+14	2.25682	1.913E-06
1.0472E+14	2.25429	2.138E-06
1.0368E+14	2.25201	2.341E-06
1.0357E+14	2.25177	2.405E-06
1.0244E+14	2.24919	3.047E-06
1.0134E+14	2.24658	3.688E-06
1.0026E+14	2.24394	4.329E-06
9.9208E+13	2.24128	4.969E-06
9.8175E+13	2.23855	5.607E-06
9.7163E+13	2.23580	6.245E-06
9.6171E+13	2.23302	6.883E-06
9.5200E+13	2.23021	7.519E-06
9.4248E+13	2.22735	8.154E-06
9.3084E+13	2.22371	8.947E-06
9.1949E+13	2.22007	1.234E-05
8.9760E+13	2.21254	1.912E-05
8.7672E+13	2.20478	2.587E-05
8.5680E+13	2.19677	3.259E-05
8.4831E+13	2.19310	3.554E-05
8.3776E+13	2.18854	4.395E-05
8.1955E+13	2.18005	5.893E-05
8.0211E+13	2.17129	7.384E-05
7.8540E+13	2.16228	8.868E-05
7.6937E+13	2.15303	1.035E-04
7.5398E+13	2.14347	1.182E-04
7.3920E+13	2.13686	1.329E-04
7.3202E+13	2.13364	1.402E-04
7.2498E+13	2.12352	1.792E-04
7.1130E+13	2.11313	2.571E-04
6.9813E+13	2.10244	3.346E-04
6.8544E+13	2.09144	4.117E-04
6.7320E+13	2.08011	4.883E-04
6.6139E+13	2.06845	5.644E-04
6.5977E+13	2.06668	5.750E-04
6.4998E+13	2.05647	7.420E-04
6.3897E+13	2.04416	9.350E-04
6.2832E+13	2.03151	1.127E-03
6.1802E+13	2.01847	1.317E-03
6.0805E+13	2.00508	1.506E-03
5.9840E+13	1.99132	1.694E-03
5.8905E+13	1.97714	1.880E-03
5.7999E+13	1.96255	2.064E-03
5.7120E+13	1.94756	2.247E-03
5.6554E+13	1.93344	2.364E-03
5.6267E+13	1.93213	2.524E-03
5.5440E+13	1.91626	2.983E-03
5.4636E+13	1.89993	3.439E-03
5.3856E+13	1.88312	3.889E-03
5.3097E+13	1.86582	4.335E-03
5.2360E+13	1.84799	4.776E-03
5.1643E+13	1.82963	5.212E-03
5.0945E+13	1.81072	5.642E-03
5.0265E+13	1.79123	6.066E-03
4.9604E+13	1.77113	6.484E-03
4.8960E+13	1.75043	6.895E-03
4.8332E+13	1.72906	7.299E-03
4.7720E+13	1.70701	7.696E-03
4.7124E+13	1.68425	8.085E-03
4.6831E+13	1.82249	8.640E-03
4.6542E+13	1.66073	9.958E-03
4.5975E+13	1.63643	1.328E-02
4.5421E+13	1.61131	1.655E-02
4.5235E+13	1.77151	1.855E-02
4.4880E+13	1.58530	1.975E-02
4.3352E+13	1.68986	3.061E-02
4.1473E+13	1.43971	4.080E-02
3.9583E+13	1.20916	6.380E-02
3.7699E+13	0.99640	1.200E-01
3.6758E+13	0.85280	2.046E-01
3.5815E+13	0.77760	3.240E-01
3.4874E+13	0.75210	3.560E-01
3.3933E+13	0.64050	3.652E-01
3.2988E+13	0.42550	5.928E-01
3.2046E+13	0.38400	6.688E-01
3.1100E+13	0.44640	7.040E-01
3.0159E+13	0.35670	7.144E-01
2.9215E+13	0.02360	6.960E-01
2.8273E+13	-0.28800 6.912E-01
2.7330E+13	-0.65790 7.020E-01
2.6389E+13	-1.33760 7.680E-01
2.5448E+13	-3.91590 1.160E+00
2.4505E+13	-3.91000 1.200E+00
2.3562E+13	-8.30110 1.914E+00
2.2620E+13	-18.06750 5.590E+00
2.1676E+13	-19.09000 3.180E+01
2.0734E+13	29.25000 1.100E+01
1.9792E+13	14.91840 4.212E+00
1.8850E+13	11.45110 2.244E+00