9.875234E+16	7.77000E-01	1.49000E-01
9.867630E+16	7.78001E-01	1.48000E-01
9.860037E+16	7.78999E-01	1.47000E-01
9.852456E+16	7.79001E-01	1.45000E-01
9.844835E+16	7.79000E-01	1.43000E-01
9.837277E+16	7.78000E-01	1.40000E-01
9.829679E+16	7.75000E-01	1.38000E-01
9.822042E+16	7.73000E-01	1.37000E-01
9.814468E+16	7.71000E-01	1.38000E-01
9.806854E+16	7.69001E-01	1.38000E-01
9.799253E+16	7.66001E-01	1.38000E-01
9.791663E+16	7.62999E-01	1.39000E-01
9.784085E+16	7.60999E-01	1.42000E-01
9.776468E+16	7.59000E-01	1.45000E-01
9.768913E+16	7.58999E-01	1.49000E-01
9.761319E+16	7.60999E-01	1.52000E-01
9.753687E+16	7.63000E-01	1.53000E-01
9.746117E+16	7.63999E-01	1.55000E-01
9.738509E+16	7.66000E-01	1.56000E-01
9.730912E+16	7.68000E-01	1.56000E-01
9.723327E+16	7.68999E-01	1.55000E-01
9.715704E+16	7.68999E-01	1.55000E-01
9.708143E+16	7.69001E-01	1.54000E-01
9.700544E+16	7.68999E-01	1.55000E-01
9.692906E+16	7.69001E-01	1.56000E-01
9.685331E+16	7.70000E-01	1.56000E-01
9.677717E+16	7.71000E-01	1.56000E-01
9.670116E+16	7.72000E-01	1.56000E-01
9.662527E+16	7.72000E-01	1.56000E-01
9.654949E+16	7.72000E-01	1.56000E-01
9.647334E+16	7.72999E-01	1.56000E-01
9.639731E+16	7.74000E-01	1.55000E-01
9.632139E+16	7.74000E-01	1.55000E-01
9.624560E+16	7.73999E-01	1.54000E-01
9.616944E+16	7.73000E-01	1.53000E-01
9.609389E+16	7.71999E-01	1.52000E-01
9.601747E+16	7.71000E-01	1.52000E-01
9.594167E+16	7.69000E-01	1.53000E-01
9.586599E+16	7.69001E-01	1.54000E-01
9.578993E+16	7.69001E-01	1.54000E-01
9.571400E+16	7.69001E-01	1.54000E-01
9.563771E+16	7.69001E-01	1.54000E-01
9.556202E+16	7.67000E-01	1.55000E-01
9.548596E+16	7.66000E-01	1.56000E-01
9.541003E+16	7.64999E-01	1.57000E-01
9.533422E+16	7.64001E-01	1.59000E-01
9.525804E+16	7.64000E-01	1.62000E-01
9.518199E+16	7.65001E-01	1.65000E-01
9.510606E+16	7.67000E-01	1.66000E-01
9.503025E+16	7.69001E-01	1.66000E-01
9.495408E+16	7.70000E-01	1.66000E-01
9.487803E+16	7.70000E-01	1.66000E-01
9.480211E+16	7.70000E-01	1.67000E-01
9.472631E+16	7.69001E-01	1.69000E-01
9.465015E+16	7.71001E-01	1.72000E-01
9.457459E+16	7.74000E-01	1.73000E-01
9.449868E+16	7.77000E-01	1.73000E-01
9.442241E+16	7.79000E-01	1.73000E-01
9.434674E+16	7.81999E-01	1.72000E-01
9.427072E+16	7.85001E-01	1.71000E-01
9.419482E+16	7.86001E-01	1.68000E-01
9.411858E+16	7.86000E-01	1.67000E-01
9.404246E+16	7.87000E-01	1.65000E-01
9.396692E+16	7.87999E-01	1.64000E-01
9.389058E+16	7.88000E-01	1.62000E-01
9.381482E+16	7.89000E-01	1.60000E-01
9.373873E+16	7.88000E-01	1.57000E-01
9.366275E+16	7.87001E-01	1.55000E-01
9.358690E+16	7.84000E-01	1.54000E-01
9.351070E+16	7.82001E-01	1.54000E-01
9.343510E+16	7.81001E-01	1.55000E-01
9.335915E+16	7.81001E-01	1.55000E-01
9.328287E+16	7.81001E-01	1.55000E-01
9.320717E+16	7.80000E-01	1.54000E-01
9.313113E+16	7.79000E-01	1.54000E-01
9.305521E+16	7.76999E-01	1.54000E-01
9.297897E+16	7.74999E-01	1.54000E-01
9.290330E+16	7.73999E-01	1.56000E-01
9.282730E+16	7.74001E-01	1.57000E-01
9.275142E+16	7.74001E-01	1.59000E-01
9.267522E+16	7.74001E-01	1.60000E-01
9.259913E+16	7.74000E-01	1.62000E-01
9.252318E+16	7.76001E-01	1.62000E-01
9.244734E+16	7.78000E-01	1.62000E-01
9.237163E+16	7.79000E-01	1.61000E-01
9.229559E+16	7.79000E-01	1.61000E-01
9.221968E+16	7.80001E-01	1.60000E-01
9.214344E+16	7.81000E-01	1.60000E-01
9.206778E+16	7.82000E-01	1.58000E-01
9.199179E+16	7.81001E-01	1.56000E-01
9.191548E+16	7.80000E-01	1.55000E-01
9.183975E+16	7.80000E-01	1.54000E-01
9.176369E+16	7.78001E-01	1.53000E-01
9.168775E+16	7.77000E-01	1.52000E-01
9.161195E+16	7.75000E-01	1.52000E-01
9.153582E+16	7.73000E-01	1.52000E-01
9.145982E+16	7.71001E-01	1.54000E-01
9.138395E+16	7.71000E-01	1.56000E-01
9.130820E+16	7.72000E-01	1.57000E-01
9.123213E+16	7.73001E-01	1.57000E-01
9.115619E+16	7.73001E-01	1.57000E-01
9.107994E+16	7.72999E-01	1.56000E-01
9.100425E+16	7.72999E-01	1.56000E-01
9.092826E+16	7.72999E-01	1.56000E-01
9.085238E+16	7.73001E-01	1.55000E-01
9.077620E+16	7.72000E-01	1.55000E-01
9.070015E+16	7.72001E-01	1.54000E-01
9.062422E+16	7.71999E-01	1.53000E-01
9.054842E+16	7.70000E-01	1.53000E-01
9.047231E+16	7.69000E-01	1.53000E-01
9.039633E+16	7.68000E-01	1.53000E-01
9.032047E+16	7.66999E-01	1.53000E-01
9.024432E+16	7.65999E-01	1.54000E-01
9.016872E+16	7.65999E-01	1.54000E-01
9.009238E+16	7.66001E-01	1.55000E-01
9.001661E+16	7.67000E-01	1.55000E-01
8.994053E+16	7.67000E-01	1.54000E-01
8.986459E+16	7.66000E-01	1.52000E-01
8.978877E+16	7.65001E-01	1.50000E-01
8.971265E+16	7.63001E-01	1.50000E-01
8.963666E+16	7.60000E-01	1.49000E-01
8.956079E+16	7.57999E-01	1.49000E-01
8.948506E+16	7.55000E-01	1.50000E-01
8.940903E+16	7.52999E-01	1.52000E-01
8.933313E+16	7.52000E-01	1.54000E-01
8.925693E+16	7.52000E-01	1.56000E-01
8.918087E+16	7.51001E-01	1.57000E-01
8.910493E+16	7.50999E-01	1.58000E-01
8.902913E+16	7.50999E-01	1.58000E-01
8.895303E+16	7.50000E-01	1.59000E-01
8.887706E+16	7.49000E-01	1.59000E-01
8.880122E+16	7.47999E-01	1.59000E-01
8.872510E+16	7.46001E-01	1.60000E-01
8.864910E+16	7.46000E-01	1.62000E-01
8.857324E+16	7.46000E-01	1.62000E-01
8.849750E+16	7.44000E-01	1.63000E-01
8.842148E+16	7.43000E-01	1.64000E-01
8.834559E+16	7.42000E-01	1.66000E-01
8.826941E+16	7.41000E-01	1.68000E-01
8.819337E+16	7.40999E-01	1.70000E-01
8.811745E+16	7.41000E-01	1.72000E-01
8.804167E+16	7.41999E-01	1.72000E-01
8.796561E+16	7.42000E-01	1.73000E-01
8.788968E+16	7.42000E-01	1.73000E-01
8.781347E+16	7.40999E-01	1.74000E-01
8.773780E+16	7.40000E-01	1.74999E-01
8.766185E+16	7.40001E-01	1.76000E-01
8.758563E+16	7.40001E-01	1.77000E-01
8.750995E+16	7.40001E-01	1.79001E-01
8.743399E+16	7.40001E-01	1.79999E-01
8.735775E+16	7.39000E-01	1.81000E-01
8.728206E+16	7.39000E-01	1.83000E-01
8.720609E+16	7.39001E-01	1.85000E-01
8.712985E+16	7.40000E-01	1.85999E-01
8.705415E+16	7.39999E-01	1.88000E-01
8.697818E+16	7.40999E-01	1.90000E-01
8.690193E+16	7.43001E-01	1.90999E-01
8.682623E+16	7.45000E-01	1.92000E-01
8.675025E+16	7.46000E-01	1.91000E-01
8.667441E+16	7.47000E-01	1.91000E-01
8.659830E+16	7.47000E-01	1.91000E-01
8.652232E+16	7.48000E-01	1.91000E-01
8.644648E+16	7.48999E-01	1.91999E-01
8.637038E+16	7.50001E-01	1.90999E-01
8.629441E+16	7.50000E-01	1.89999E-01
8.621857E+16	7.50000E-01	1.89999E-01
8.614247E+16	7.49000E-01	1.90000E-01
8.606651E+16	7.48000E-01	1.91000E-01
8.599068E+16	7.48999E-01	1.91999E-01
8.591459E+16	7.51000E-01	1.93001E-01
8.583863E+16	7.52000E-01	1.91999E-01
8.576281E+16	7.54001E-01	1.91001E-01
8.568674E+16	7.54001E-01	1.90000E-01
8.561080E+16	7.54999E-01	1.87999E-01
8.553460E+16	7.55000E-01	1.86000E-01
8.545893E+16	7.54000E-01	1.83999E-01
8.538301E+16	7.51000E-01	1.83000E-01
8.530683E+16	7.49000E-01	1.83001E-01
8.523079E+16	7.49000E-01	1.84000E-01
8.515488E+16	7.49000E-01	1.84000E-01
8.507911E+16	7.49000E-01	1.83001E-01
8.500309E+16	7.47001E-01	1.81001E-01
8.492721E+16	7.45000E-01	1.81000E-01
8.485108E+16	7.43001E-01	1.81000E-01
8.477509E+16	7.41000E-01	1.82000E-01
8.469923E+16	7.40000E-01	1.82999E-01
8.462313E+16	7.39000E-01	1.84001E-01
8.454716E+16	7.39000E-01	1.84001E-01
8.447133E+16	7.39000E-01	1.84001E-01
8.439526E+16	7.37000E-01	1.83000E-01
8.431933E+16	7.35000E-01	1.82999E-01
8.424353E+16	7.33000E-01	1.83999E-01
8.416749E+16	7.32000E-01	1.84000E-01
8.409159E+16	7.30000E-01	1.84999E-01
8.401545E+16	7.28000E-01	1.84999E-01
8.393945E+16	7.26001E-01	1.86000E-01
8.386358E+16	7.23001E-01	1.86999E-01
8.378748E+16	7.20999E-01	1.89000E-01
8.371152E+16	7.18000E-01	1.91000E-01
8.363570E+16	7.15000E-01	1.94001E-01
8.355964E+16	7.13000E-01	1.99000E-01
8.348372E+16	7.13001E-01	2.05000E-01
8.340794E+16	7.14999E-01	2.10000E-01
8.333193E+16	7.18000E-01	2.13000E-01
8.325569E+16	7.21001E-01	2.15000E-01
8.317995E+16	7.24000E-01	2.16000E-01
8.310399E+16	7.26000E-01	2.17000E-01
8.302779E+16	7.28000E-01	2.17000E-01
8.295211E+16	7.29999E-01	2.17001E-01
8.287619E+16	7.33000E-01	2.17000E-01
8.280005E+16	7.34999E-01	2.15000E-01
8.272406E+16	7.35000E-01	2.13000E-01
8.264820E+16	7.35000E-01	2.11001E-01
8.257211E+16	7.34001E-01	2.09000E-01
8.249617E+16	7.32000E-01	2.08000E-01
8.242037E+16	7.30000E-01	2.07999E-01
8.234434E+16	7.28001E-01	2.10000E-01
8.226846E+16	7.28000E-01	2.12001E-01
8.219236E+16	7.28999E-01	2.12001E-01
8.211640E+16	7.29999E-01	2.12000E-01
8.204057E+16	7.28999E-01	2.12001E-01
8.196453E+16	7.28999E-01	2.12001E-01
8.188864E+16	7.30000E-01	2.11000E-01
8.181252E+16	7.30001E-01	2.09001E-01
8.173655E+16	7.29000E-01	2.06000E-01
8.166072E+16	7.25000E-01	2.04001E-01
8.158468E+16	7.20001E-01	2.05000E-01
8.150878E+16	7.16000E-01	2.07000E-01
8.143267E+16	7.14001E-01	2.11000E-01
8.135670E+16	7.14000E-01	2.14001E-01
8.128087E+16	7.14000E-01	2.16000E-01
8.120483E+16	7.14000E-01	2.17999E-01
8.112893E+16	7.14999E-01	2.20001E-01
8.105283E+16	7.16000E-01	2.20000E-01
8.097687E+16	7.17001E-01	2.19000E-01
8.090105E+16	7.16000E-01	2.18000E-01
8.082503E+16	7.15000E-01	2.17000E-01
8.074915E+16	7.13000E-01	2.15000E-01
8.067307E+16	7.09001E-01	2.14999E-01
8.059713E+16	7.05999E-01	2.17000E-01
8.052133E+16	7.03000E-01	2.17000E-01
8.044533E+16	6.99000E-01	2.18999E-01
8.036913E+16	6.95001E-01	2.22999E-01
8.029342E+16	6.92000E-01	2.28000E-01
8.021717E+16	6.90000E-01	2.32000E-01
8.014140E+16	6.89000E-01	2.37001E-01
8.006544E+16	6.88000E-01	2.42999E-01
7.998928E+16	6.88999E-01	2.50000E-01
7.991360E+16	6.93001E-01	2.56000E-01
7.983740E+16	6.97999E-01	2.59000E-01
7.976167E+16	7.03001E-01	2.60001E-01
7.968575E+16	7.05001E-01	2.59001E-01
7.960964E+16	7.05999E-01	2.59000E-01
7.953367E+16	7.06001E-01	2.60000E-01
7.945785E+16	7.06000E-01	2.61000E-01
7.938184E+16	7.06001E-01	2.64999E-01
7.930563E+16	7.07000E-01	2.67999E-01
7.922991E+16	7.10001E-01	2.73000E-01
7.915400E+16	7.16001E-01	2.76000E-01
7.907791E+16	7.23000E-01	2.78001E-01
7.900196E+16	7.31000E-01	2.75000E-01
7.892582E+16	7.36000E-01	2.68999E-01
7.884983E+16	7.37000E-01	2.63001E-01
7.877399E+16	7.35999E-01	2.59000E-01
7.869797E+16	7.36001E-01	2.54999E-01
7.862209E+16	7.35001E-01	2.49999E-01
7.854603E+16	7.30000E-01	2.45999E-01
7.847011E+16	7.25000E-01	2.45999E-01
7.839435E+16	7.22999E-01	2.47000E-01
7.831840E+16	7.20000E-01	2.47000E-01
7.824228E+16	7.17001E-01	2.48000E-01
7.816630E+16	7.16000E-01	2.50001E-01
7.809047E+16	7.14000E-01	2.50000E-01
7.801447E+16	7.10999E-01	2.51001E-01
7.793829E+16	7.08999E-01	2.52999E-01
7.786258E+16	7.08000E-01	2.55000E-01
7.778638E+16	7.04001E-01	2.57001E-01
7.771064E+16	7.02000E-01	2.63000E-01
7.763441E+16	7.04000E-01	2.70000E-01
7.755866E+16	7.09000E-01	2.74000E-01
7.748273E+16	7.14999E-01	2.76000E-01
7.740663E+16	7.20000E-01	2.74000E-01
7.733068E+16	7.23999E-01	2.71000E-01
7.725488E+16	7.26000E-01	2.65999E-01
7.717891E+16	7.25001E-01	2.60999E-01
7.710277E+16	7.21000E-01	2.58001E-01
7.702679E+16	7.17000E-01	2.56999E-01
7.695095E+16	7.13999E-01	2.57000E-01
7.687495E+16	7.13000E-01	2.58000E-01
7.679910E+16	7.12000E-01	2.57999E-01
7.672309E+16	7.10000E-01	2.57000E-01
7.664691E+16	7.06999E-01	2.57000E-01
7.657120E+16	7.03999E-01	2.57999E-01
7.649502E+16	7.01000E-01	2.60001E-01
7.641930E+16	7.00000E-01	2.61999E-01
7.634310E+16	6.99000E-01	2.64000E-01
7.626737E+16	6.99000E-01	2.65000E-01
7.619118E+16	6.99000E-01	2.65000E-01
7.611544E+16	6.98000E-01	2.65000E-01
7.603924E+16	6.96000E-01	2.64001E-01
7.596349E+16	6.93999E-01	2.64000E-01
7.588729E+16	6.90999E-01	2.65000E-01
7.581155E+16	6.89000E-01	2.66000E-01
7.573534E+16	6.88000E-01	2.67000E-01
7.565960E+16	6.86000E-01	2.66000E-01
7.558370E+16	6.83000E-01	2.65000E-01
7.550765E+16	6.78001E-01	2.64999E-01
7.543175E+16	6.72000E-01	2.67999E-01
7.535571E+16	6.68000E-01	2.71001E-01
7.527982E+16	6.64000E-01	2.74001E-01
7.520378E+16	6.60000E-01	2.79999E-01
7.512789E+16	6.60001E-01	2.84000E-01
7.505186E+16	6.59000E-01	2.87001E-01
7.497598E+16	6.56000E-01	2.89000E-01
7.489996E+16	6.51001E-01	2.92001E-01
7.482379E+16	6.47000E-01	2.98001E-01
7.474808E+16	6.45000E-01	3.03999E-01
7.467192E+16	6.44000E-01	3.07999E-01
7.459593E+16	6.40001E-01	3.13000E-01
7.452008E+16	6.37000E-01	3.21000E-01
7.444410E+16	6.37000E-01	3.31000E-01
7.436827E+16	6.40000E-01	3.41000E-01
7.429230E+16	6.44000E-01	3.48000E-01
7.421620E+16	6.49999E-01	3.54000E-01
7.414025E+16	6.57999E-01	3.58000E-01
7.406416E+16	6.62999E-01	3.55999E-01
7.398823E+16	6.65000E-01	3.55000E-01
7.391246E+16	6.66000E-01	3.54999E-01
7.383655E+16	6.65000E-01	3.55000E-01
7.376051E+16	6.64001E-01	3.57000E-01
7.368462E+16	6.65000E-01	3.60000E-01
7.360861E+16	6.66000E-01	3.62000E-01
7.353246E+16	6.65999E-01	3.63999E-01
7.345647E+16	6.67001E-01	3.66001E-01
7.338064E+16	6.68000E-01	3.67000E-01
7.330467E+16	6.68001E-01	3.65999E-01
7.322858E+16	6.64999E-01	3.66000E-01
7.315265E+16	6.60999E-01	3.68001E-01
7.307688E+16	6.57000E-01	3.71000E-01
7.300070E+16	6.53001E-01	3.76000E-01
7.292495E+16	6.49000E-01	3.84000E-01
7.284881E+16	6.49999E-01	3.93000E-01
7.277282E+16	6.54000E-01	3.99000E-01
7.269698E+16	6.57000E-01	4.02000E-01
7.262103E+16	6.58000E-01	4.03000E-01
7.254496E+16	6.54000E-01	4.04001E-01
7.246904E+16	6.47999E-01	4.12000E-01
7.239301E+16	6.46001E-01	4.23000E-01
7.231713E+16	6.48000E-01	4.32000E-01
7.224114E+16	6.48000E-01	4.42000E-01
7.216530E+16	6.54001E-01	4.55000E-01
7.208935E+16	6.64001E-01	4.64001E-01
7.201329E+16	6.72999E-01	4.67999E-01
7.193738E+16	6.81000E-01	4.71000E-01
7.186136E+16	6.89000E-01	4.70999E-01
7.178550E+16	6.95000E-01	4.69999E-01
7.170953E+16	6.97000E-01	4.68001E-01
7.163344E+16	6.97000E-01	4.66999E-01
7.155752E+16	6.96000E-01	4.68001E-01
7.148149E+16	6.93000E-01	4.70001E-01
7.140562E+16	6.89999E-01	4.74000E-01
7.132963E+16	6.85000E-01	4.81000E-01
7.125354E+16	6.83000E-01	4.94001E-01
7.117762E+16	6.86001E-01	5.07000E-01
7.110185E+16	6.92000E-01	5.17000E-01
7.102571E+16	6.96000E-01	5.25000E-01
7.094973E+16	6.99000E-01	5.34999E-01
7.087392E+16	7.04000E-01	5.45999E-01
7.079800E+16	7.10000E-01	5.59000E-01
7.072198E+16	7.19000E-01	5.72001E-01
7.064585E+16	7.30000E-01	5.84000E-01
7.056989E+16	7.41000E-01	5.96999E-01
7.049410E+16	7.58001E-01	6.12000E-01
7.041793E+16	7.81000E-01	6.23000E-01
7.034220E+16	8.05001E-01	6.26000E-01
7.026610E+16	8.27000E-01	6.26999E-01
7.019017E+16	8.49000E-01	6.22999E-01
7.011415E+16	8.68000E-01	6.17000E-01
7.003828E+16	8.84001E-01	6.10000E-01
6.996232E+16	8.98000E-01	6.02000E-01
6.988627E+16	9.10001E-01	5.96001E-01
6.981038E+16	9.23004E-01	5.91000E-01
6.973440E+16	9.36008E-01	5.86001E-01
6.965832E+16	9.51003E-01	5.80000E-01
6.958241E+16	9.66007E-01	5.73002E-01
6.950641E+16	9.83010E-01	5.63004E-01
6.943058E+16	9.97004E-01	5.49002E-01
6.935465E+16	1.01000E+00	5.34998E-01
6.927864E+16	1.02200E+00	5.19002E-01
6.920254E+16	1.03100E+00	5.01000E-01
6.912660E+16	1.03500E+00	4.83000E-01
6.905084E+16	1.03800E+00	4.67999E-01
6.897473E+16	1.04099E+00	4.52998E-01
6.889879E+16	1.04500E+00	4.37001E-01
6.882277E+16	1.04599E+00	4.19998E-01
6.874691E+16	1.04400E+00	4.02999E-01
6.867097E+16	1.03999E+00	3.86998E-01
6.859495E+16	1.03300E+00	3.74000E-01
6.851884E+16	1.02599E+00	3.62999E-01
6.844291E+16	1.01899E+00	3.54999E-01
6.836714E+16	1.01401E+00	3.50002E-01
6.829105E+16	1.01201E+00	3.44002E-01
6.821513E+16	1.01200E+00	3.35999E-01
6.813912E+16	1.01001E+00	3.25001E-01
6.806329E+16	1.00500E+00	3.15001E-01
6.798714E+16	9.98991E-01	3.05998E-01
6.791115E+16	9.93004E-01	2.96000E-01
6.783533E+16	9.85008E-01	2.88001E-01
6.775944E+16	9.75999E-01	2.80999E-01
6.768348E+16	9.68000E-01	2.75999E-01
6.760744E+16	9.60000E-01	2.71999E-01
6.753134E+16	9.51999E-01	2.68999E-01
6.745540E+16	9.43001E-01	2.66001E-01
6.737963E+16	9.34999E-01	2.65001E-01
6.730356E+16	9.27999E-01	2.66000E-01
6.722765E+16	9.23000E-01	2.68000E-01
6.715168E+16	9.21001E-01	2.68000E-01
6.707564E+16	9.20000E-01	2.66999E-01
6.699977E+16	9.17001E-01	2.63000E-01
6.692383E+16	9.13000E-01	2.59000E-01
6.684783E+16	9.08001E-01	2.56001E-01
6.677177E+16	9.04000E-01	2.52000E-01
6.669587E+16	8.96999E-01	2.48000E-01
6.661992E+16	8.89000E-01	2.45999E-01
6.654390E+16	8.81001E-01	2.44999E-01
6.646806E+16	8.73000E-01	2.45001E-01
6.639192E+16	8.64000E-01	2.47000E-01
6.631595E+16	8.58000E-01	2.51000E-01
6.624016E+16	8.55000E-01	2.55000E-01
6.616408E+16	8.53000E-01	2.56000E-01
6.608817E+16	8.49000E-01	2.56000E-01
6.601220E+16	8.45001E-01	2.57000E-01
6.593618E+16	8.40000E-01	2.58001E-01
6.586033E+16	8.35000E-01	2.59000E-01
6.578420E+16	8.31000E-01	2.61000E-01
6.570824E+16	8.26999E-01	2.61999E-01
6.563246E+16	8.22000E-01	2.63000E-01
6.555640E+16	8.16001E-01	2.64000E-01
6.548051E+16	8.07999E-01	2.68000E-01
6.540457E+16	8.03000E-01	2.72000E-01
6.532858E+16	7.98000E-01	2.77001E-01
6.525254E+16	7.92001E-01	2.83000E-01
6.517668E+16	7.88001E-01	2.91000E-01
6.510054E+16	7.87000E-01	2.99999E-01
6.502458E+16	7.89001E-01	3.08000E-01
6.494880E+16	7.92000E-01	3.08999E-01
6.487275E+16	7.88000E-01	3.10999E-01
6.479687E+16	7.82999E-01	3.21000E-01
6.472073E+16	7.90000E-01	3.31999E-01
6.464477E+16	7.99000E-01	3.33000E-01
6.456898E+16	8.02000E-01	3.30000E-01
6.449293E+16	8.01999E-01	3.27999E-01
6.441684E+16	7.99999E-01	3.23000E-01
6.434093E+16	7.90001E-01	3.22000E-01
6.426498E+16	7.81000E-01	3.30000E-01
6.418899E+16	7.76999E-01	3.43000E-01
6.411318E+16	7.80001E-01	3.53999E-01
6.403711E+16	7.86000E-01	3.61001E-01
6.396122E+16	7.91001E-01	3.65000E-01
6.388530E+16	7.94001E-01	3.67001E-01
6.380933E+16	7.96000E-01	3.70001E-01
6.373334E+16	7.99000E-01	3.74999E-01
6.365731E+16	8.03999E-01	3.78001E-01
6.358124E+16	8.06000E-01	3.76999E-01
6.350536E+16	8.04000E-01	3.80001E-01
6.342945E+16	8.04000E-01	3.87999E-01
6.335350E+16	8.11000E-01	3.98001E-01
6.327752E+16	8.22999E-01	4.01001E-01
6.320151E+16	8.33001E-01	3.96000E-01
6.312548E+16	8.36001E-01	3.87000E-01
6.304962E+16	8.33000E-01	3.80000E-01
6.297374E+16	8.22999E-01	3.77000E-01
6.289762E+16	8.11000E-01	3.84001E-01
6.282168E+16	8.04999E-01	3.98000E-01
6.274572E+16	8.06001E-01	4.13000E-01
6.266973E+16	8.10000E-01	4.24999E-01
6.259393E+16	8.14000E-01	4.37999E-01
6.251789E+16	8.18000E-01	4.52999E-01
6.244183E+16	8.25999E-01	4.75999E-01
6.236596E+16	8.50000E-01	5.01001E-01
6.229007E+16	8.86000E-01	5.15999E-01
6.221394E+16	9.27999E-01	5.15000E-01
6.213801E+16	9.63010E-01	5.00002E-01
6.206205E+16	9.87997E-01	4.79000E-01
6.198608E+16	1.00899E+00	4.58998E-01
6.191009E+16	1.03000E+00	4.35000E-01
6.183428E+16	1.04500E+00	4.04999E-01
6.175826E+16	1.05101E+00	3.71001E-01
6.168222E+16	1.04799E+00	3.39000E-01
6.160636E+16	1.03699E+00	3.10999E-01
6.153030E+16	1.02199E+00	2.88999E-01
6.145442E+16	1.00499E+00	2.71998E-01
6.137832E+16	9.88000E-01	2.60999E-01
6.130242E+16	9.72001E-01	2.54000E-01
6.122650E+16	9.55000E-01	2.52000E-01
6.115057E+16	9.44001E-01	2.54001E-01
6.107463E+16	9.38000E-01	2.54000E-01
6.099868E+16	9.31000E-01	2.52001E-01
6.092273E+16	9.21000E-01	2.50999E-01
6.084657E+16	9.12999E-01	2.53000E-01
6.077080E+16	9.08000E-01	2.57001E-01
6.069482E+16	9.05000E-01	2.61000E-01
6.061884E+16	9.04999E-01	2.64000E-01
6.054285E+16	9.08000E-01	2.61999E-01
6.046686E+16	9.06999E-01	2.58001E-01
6.039087E+16	9.03999E-01	2.54001E-01
6.031487E+16	9.00000E-01	2.50999E-01
6.023888E+16	8.96001E-01	2.48999E-01
6.016307E+16	8.93000E-01	2.48001E-01
6.008707E+16	8.90000E-01	2.45000E-01
6.001107E+16	8.84999E-01	2.42000E-01
5.993508E+16	8.77999E-01	2.41000E-01
5.985908E+16	8.71999E-01	2.42001E-01
5.978309E+16	8.68001E-01	2.45000E-01
5.970729E+16	8.64999E-01	2.47000E-01
5.963131E+16	8.64000E-01	2.49999E-01
5.955533E+16	8.64000E-01	2.50999E-01
5.947935E+16	8.64000E-01	2.49999E-01
5.940338E+16	8.62001E-01	2.48000E-01
5.932742E+16	8.60001E-01	2.47001E-01
5.925147E+16	8.56999E-01	2.46000E-01
5.917552E+16	8.53999E-01	2.47000E-01
5.909959E+16	8.51999E-01	2.47999E-01
5.902347E+16	8.50999E-01	2.50001E-01
5.894756E+16	8.52999E-01	2.51001E-01
5.887165E+16	8.54001E-01	2.49001E-01
5.879558E+16	8.54000E-01	2.46001E-01
5.871970E+16	8.52001E-01	2.41999E-01
5.864365E+16	8.49999E-01	2.38999E-01
5.856780E+16	8.46000E-01	2.36999E-01
5.849177E+16	8.42999E-01	2.35999E-01
5.841577E+16	8.41000E-01	2.35000E-01
5.833996E+16	8.39000E-01	2.32000E-01
5.826399E+16	8.35000E-01	2.30000E-01
5.818786E+16	8.31001E-01	2.27999E-01
5.811193E+16	8.27000E-01	2.27000E-01
5.803601E+16	8.23000E-01	2.26000E-01
5.796011E+16	8.19999E-01	2.25999E-01
5.788406E+16	8.17000E-01	2.24001E-01
5.780821E+16	8.11001E-01	2.20000E-01
5.773220E+16	8.04000E-01	2.18999E-01
5.765621E+16	7.96000E-01	2.18999E-01
5.758025E+16	7.88000E-01	2.22001E-01
5.750431E+16	7.81001E-01	2.28001E-01
5.742840E+16	7.78000E-01	2.33000E-01
5.735234E+16	7.76000E-01	2.37999E-01
5.727630E+16	7.75000E-01	2.41001E-01
5.720047E+16	7.73000E-01	2.43000E-01
5.712449E+16	7.69999E-01	2.45000E-01
5.704854E+16	7.67000E-01	2.49001E-01
5.697262E+16	7.65000E-01	2.53000E-01
5.689656E+16	7.65001E-01	2.56999E-01
5.682053E+16	7.65000E-01	2.59000E-01
5.674470E+16	7.65001E-01	2.62000E-01
5.666873E+16	7.65000E-01	2.64001E-01
5.659280E+16	7.66001E-01	2.64999E-01
5.651672E+16	7.66001E-01	2.64999E-01
5.644086E+16	7.65000E-01	2.65001E-01
5.636486E+16	7.64000E-01	2.66000E-01
5.628889E+16	7.63000E-01	2.66000E-01
5.621297E+16	7.61999E-01	2.66000E-01
5.613691E+16	7.60000E-01	2.65000E-01
5.606089E+16	7.56999E-01	2.65000E-01
5.598508E+16	7.53999E-01	2.66999E-01
5.590897E+16	7.52001E-01	2.69000E-01
5.583307E+16	7.50001E-01	2.69999E-01
5.575705E+16	7.49000E-01	2.71999E-01
5.568123E+16	7.48000E-01	2.72999E-01
5.560513E+16	7.46001E-01	2.74000E-01
5.552923E+16	7.43001E-01	2.75001E-01
5.545322E+16	7.41001E-01	2.77001E-01
5.537725E+16	7.39000E-01	2.78000E-01
5.530132E+16	7.36000E-01	2.79000E-01
5.522544E+16	7.32001E-01	2.82001E-01
5.514945E+16	7.30000E-01	2.86001E-01
5.507351E+16	7.27999E-01	2.91001E-01
5.499745E+16	7.28001E-01	2.96001E-01
5.492160E+16	7.28999E-01	2.98999E-01
5.484548E+16	7.29001E-01	3.01999E-01
5.476957E+16	7.28999E-01	3.05000E-01
5.469356E+16	7.30000E-01	3.09000E-01
5.461759E+16	7.31999E-01	3.10999E-01
5.454168E+16	7.33999E-01	3.14001E-01
5.446567E+16	7.37000E-01	3.16001E-01
5.438971E+16	7.41000E-01	3.17000E-01
5.431380E+16	7.43000E-01	3.15999E-01
5.423780E+16	7.45000E-01	3.14000E-01
5.416185E+16	7.46000E-01	3.12000E-01
5.408596E+16	7.45000E-01	3.10000E-01
5.400997E+16	7.43001E-01	3.09999E-01
5.393404E+16	7.43000E-01	3.11000E-01
5.385801E+16	7.45000E-01	3.11000E-01
5.378204E+16	7.47000E-01	3.07999E-01
5.370614E+16	7.46999E-01	3.03000E-01
5.363014E+16	7.42000E-01	2.99001E-01
5.355421E+16	7.35000E-01	3.00000E-01
5.347819E+16	7.32000E-01	3.03000E-01
5.340223E+16	7.31999E-01	3.04999E-01
5.332634E+16	7.31999E-01	3.04999E-01
5.325036E+16	7.29999E-01	3.04000E-01
5.317430E+16	7.27000E-01	3.05001E-01
5.309845E+16	7.26000E-01	3.07000E-01
5.302237E+16	7.25000E-01	3.06001E-01
5.294651E+16	7.22000E-01	3.06000E-01
5.287057E+16	7.19000E-01	3.06999E-01
5.279455E+16	7.16000E-01	3.10000E-01
5.271860E+16	7.15000E-01	3.14001E-01
5.264258E+16	7.17001E-01	3.17000E-01
5.256663E+16	7.20000E-01	3.17000E-01
5.249075E+16	7.19999E-01	3.14999E-01
5.241480E+16	7.18999E-01	3.13000E-01
5.233877E+16	7.17000E-01	3.12000E-01
5.226283E+16	7.14000E-01	3.11999E-01
5.218681E+16	7.12999E-01	3.11001E-01
5.211087E+16	7.11000E-01	3.09000E-01
5.203486E+16	7.05000E-01	3.07999E-01
5.195893E+16	7.00000E-01	3.10001E-01
5.188294E+16	6.96000E-01	3.12999E-01
5.180702E+16	6.93000E-01	3.17000E-01
5.173105E+16	6.94000E-01	3.22000E-01
5.165515E+16	6.96000E-01	3.22000E-01
5.157919E+16	6.95001E-01	3.19999E-01
5.150318E+16	6.91000E-01	3.18000E-01
5.142725E+16	6.86000E-01	3.20000E-01
5.135126E+16	6.82000E-01	3.23000E-01
5.127522E+16	6.79001E-01	3.27999E-01
5.119926E+16	6.79001E-01	3.33000E-01
5.112339E+16	6.82000E-01	3.37000E-01
5.104733E+16	6.85001E-01	3.36000E-01
5.097149E+16	6.83999E-01	3.33000E-01
5.089547E+16	6.81999E-01	3.32000E-01
5.081954E+16	6.81000E-01	3.31000E-01
5.074356E+16	6.78001E-01	3.27000E-01
5.066753E+16	6.72000E-01	3.24999E-01
5.059160E+16	6.64000E-01	3.26001E-01
5.051562E+16	6.57000E-01	3.28999E-01
5.043973E+16	6.50000E-01	3.33000E-01
5.036367E+16	6.43999E-01	3.39000E-01
5.028770E+16	6.40000E-01	3.47000E-01
5.021183E+16	6.39000E-01	3.52999E-01
5.013578E+16	6.37999E-01	3.56999E-01
5.005984E+16	6.35999E-01	3.62001E-01
4.998385E+16	6.32999E-01	3.65000E-01
4.990797E+16	6.29000E-01	3.71000E-01
4.983192E+16	6.24999E-01	3.80000E-01
4.975597E+16	6.26000E-01	3.91000E-01
4.967999E+16	6.29001E-01	3.99000E-01
4.960411E+16	6.32000E-01	4.05000E-01
4.952807E+16	6.35000E-01	4.10001E-01
4.945213E+16	6.38001E-01	4.17000E-01
4.937617E+16	6.43999E-01	4.21999E-01
4.930018E+16	6.49000E-01	4.24999E-01
4.922430E+16	6.52000E-01	4.26000E-01
4.914827E+16	6.55000E-01	4.30000E-01
4.907234E+16	6.60001E-01	4.34001E-01
4.899639E+16	6.65000E-01	4.35999E-01
4.892042E+16	6.72000E-01	4.37001E-01
4.884444E+16	6.77001E-01	4.35000E-01
4.876844E+16	6.80000E-01	4.33000E-01
4.869254E+16	6.82000E-01	4.33999E-01
4.861651E+16	6.87000E-01	4.34000E-01
4.854059E+16	6.91999E-01	4.30001E-01
4.846466E+16	6.93001E-01	4.27000E-01
4.838871E+16	6.95000E-01	4.25001E-01
4.831276E+16	6.97001E-01	4.20000E-01
4.823679E+16	6.95000E-01	4.15999E-01
4.816082E+16	6.92000E-01	4.14001E-01
4.808484E+16	6.90000E-01	4.16001E-01
4.800886E+16	6.92001E-01	4.17999E-01
4.793287E+16	6.94999E-01	4.17000E-01
4.785688E+16	6.95999E-01	4.13001E-01
4.778101E+16	6.96000E-01	4.09001E-01
4.770501E+16	6.93001E-01	4.06000E-01
4.762902E+16	6.90999E-01	4.06001E-01
4.755303E+16	6.91001E-01	4.03001E-01
4.747716E+16	6.88001E-01	4.01000E-01
4.740117E+16	6.85001E-01	3.99000E-01
4.732519E+16	6.81000E-01	3.98999E-01
4.724922E+16	6.80001E-01	3.99000E-01
4.717325E+16	6.77000E-01	3.95999E-01
4.709729E+16	6.72001E-01	3.95001E-01
4.702134E+16	6.66001E-01	3.95999E-01
4.694541E+16	6.61000E-01	3.97000E-01
4.686936E+16	6.56000E-01	4.01000E-01
4.679345E+16	6.52999E-01	4.05000E-01
4.671743E+16	6.49000E-01	4.10000E-01
4.664155E+16	6.47999E-01	4.17000E-01
4.656556E+16	6.50999E-01	4.24001E-01
4.648960E+16	6.54001E-01	4.27000E-01
4.641365E+16	6.57000E-01	4.29000E-01
4.633761E+16	6.61000E-01	4.29999E-01
4.626170E+16	6.64999E-01	4.30000E-01
4.618570E+16	6.68000E-01	4.28000E-01
4.610973E+16	6.70000E-01	4.25000E-01
4.603378E+16	6.70999E-01	4.22000E-01
4.595785E+16	6.73000E-01	4.18001E-01
4.588184E+16	6.72000E-01	4.13001E-01
4.580586E+16	6.72000E-01	4.08001E-01
4.572991E+16	6.69999E-01	4.00000E-01
4.565399E+16	6.63000E-01	3.91001E-01
4.557799E+16	6.51001E-01	3.85000E-01
4.550202E+16	6.38000E-01	3.87000E-01
4.542608E+16	6.29000E-01	3.90999E-01
4.535018E+16	6.21000E-01	3.94001E-01
4.527421E+16	6.13000E-01	3.98999E-01
4.519816E+16	6.06000E-01	4.04999E-01
4.512227E+16	6.00000E-01	4.14000E-01
4.504630E+16	5.98000E-01	4.23001E-01
4.497037E+16	5.99000E-01	4.29000E-01
4.489438E+16	5.99000E-01	4.33000E-01
4.481843E+16	5.97999E-01	4.37999E-01
4.474242E+16	5.97999E-01	4.42000E-01
4.466646E+16	5.97000E-01	4.45999E-01
4.459054E+16	5.95000E-01	4.52000E-01
4.451456E+16	5.97000E-01	4.59000E-01
4.443853E+16	6.02000E-01	4.64000E-01
4.436265E+16	6.06000E-01	4.64001E-01
4.428662E+16	6.10001E-01	4.64000E-01
4.421074E+16	6.12000E-01	4.60999E-01
4.413471E+16	6.11000E-01	4.58001E-01
4.405873E+16	6.07001E-01	4.55999E-01
4.398280E+16	6.04001E-01	4.57001E-01
4.390684E+16	6.00999E-01	4.58000E-01
4.383082E+16	5.97000E-01	4.59000E-01
4.375487E+16	5.93000E-01	4.63000E-01
4.367898E+16	5.91999E-01	4.67001E-01
4.360294E+16	5.91999E-01	4.70000E-01
4.352697E+16	5.93000E-01	4.72000E-01
4.345107E+16	5.93000E-01	4.72000E-01
4.337513E+16	5.92000E-01	4.71000E-01
4.329915E+16	5.89000E-01	4.69000E-01
4.322314E+16	5.83001E-01	4.69000E-01
4.314720E+16	5.75999E-01	4.71999E-01
4.307124E+16	5.71000E-01	4.77000E-01
4.299524E+16	5.67001E-01	4.85000E-01
4.291932E+16	5.67000E-01	4.92999E-01
4.284337E+16	5.70001E-01	4.98000E-01
4.276740E+16	5.70000E-01	5.00000E-01
4.269141E+16	5.70001E-01	5.04001E-01
4.261549E+16	5.72000E-01	5.07000E-01
4.253946E+16	5.72999E-01	5.08000E-01
4.246351E+16	5.71000E-01	5.08001E-01
4.238754E+16	5.67999E-01	5.13001E-01
4.231156E+16	5.69000E-01	5.20000E-01
4.223567E+16	5.72999E-01	5.24000E-01
4.215966E+16	5.79000E-01	5.23999E-01
4.208374E+16	5.81000E-01	5.21000E-01
4.200772E+16	5.79000E-01	5.19001E-01
4.193179E+16	5.77000E-01	5.20000E-01
4.185585E+16	5.77999E-01	5.20000E-01
4.177982E+16	5.77000E-01	5.17999E-01
4.170388E+16	5.75000E-01	5.15000E-01
4.162793E+16	5.68999E-01	5.13000E-01
4.155199E+16	5.61999E-01	5.15000E-01
4.147596E+16	5.58000E-01	5.20000E-01
4.140003E+16	5.57000E-01	5.24001E-01
4.132410E+16	5.55001E-01	5.25000E-01
4.124809E+16	5.52000E-01	5.27000E-01
4.117217E+16	5.50001E-01	5.30000E-01
4.109618E+16	5.48000E-01	5.33000E-01
4.102020E+16	5.46000E-01	5.35000E-01
4.094423E+16	5.44000E-01	5.35000E-01
4.086828E+16	5.39000E-01	5.36000E-01
4.079234E+16	5.33000E-01	5.40001E-01
4.071633E+16	5.28000E-01	5.44000E-01
4.064043E+16	5.23999E-01	5.49999E-01
4.056447E+16	5.20000E-01	5.58000E-01
4.048852E+16	5.20999E-01	5.66001E-01
4.041251E+16	5.24001E-01	5.72000E-01
4.033653E+16	5.26001E-01	5.74000E-01
4.026058E+16	5.26999E-01	5.75000E-01
4.018465E+16	5.27000E-01	5.73001E-01
4.010867E+16	5.20000E-01	5.71000E-01
4.003272E+16	5.10000E-01	5.76001E-01
3.995672E+16	5.03000E-01	5.85999E-01
3.988075E+16	5.00000E-01	5.96000E-01
3.980482E+16	4.98000E-01	6.05999E-01
3.972884E+16	4.98000E-01	6.18001E-01
3.965290E+16	5.02000E-01	6.31999E-01
3.957692E+16	5.13001E-01	6.43999E-01
3.950098E+16	5.27000E-01	6.48000E-01
3.942500E+16	5.39000E-01	6.46001E-01
3.934907E+16	5.46999E-01	6.42000E-01
3.927310E+16	5.53001E-01	6.37000E-01
3.919709E+16	5.57000E-01	6.29001E-01
3.912114E+16	5.59001E-01	6.22000E-01
3.904516E+16	5.58000E-01	6.11000E-01
3.896923E+16	5.50001E-01	6.02000E-01
3.889327E+16	5.41000E-01	5.98000E-01
3.881729E+16	5.33000E-01	5.93000E-01
3.874136E+16	5.21000E-01	5.87000E-01
3.866534E+16	5.03999E-01	5.86000E-01
3.858937E+16	4.84001E-01	5.92000E-01
3.851347E+16	4.69000E-01	6.08001E-01
3.843748E+16	4.64000E-01	6.24000E-01
3.836154E+16	4.63001E-01	6.38000E-01
3.828552E+16	4.68000E-01	6.45000E-01
3.820957E+16	4.68000E-01	6.45000E-01
3.813361E+16	4.62000E-01	6.40000E-01
3.805764E+16	4.40999E-01	6.39000E-01
3.798167E+16	4.18000E-01	6.50999E-01
3.790570E+16	3.98001E-01	6.72000E-01
3.782980E+16	3.81000E-01	7.02000E-01
3.775382E+16	3.75000E-01	7.45000E-01
3.767785E+16	3.94999E-01	7.88000E-01
3.760189E+16	4.26000E-01	8.05000E-01
3.752593E+16	4.43000E-01	8.05999E-01
3.744998E+16	4.45999E-01	8.13000E-01
3.737396E+16	4.48999E-01	8.31000E-01
3.729804E+16	4.61000E-01	8.52000E-01
3.722205E+16	4.80000E-01	8.70000E-01
3.714608E+16	4.98000E-01	8.84001E-01
3.707012E+16	5.20000E-01	9.04000E-01
3.699419E+16	5.59001E-01	9.19000E-01
3.691820E+16	6.04001E-01	9.11001E-01
3.684224E+16	6.32000E-01	8.87000E-01
3.676630E+16	6.46000E-01	8.67000E-01
3.669032E+16	6.59000E-01	8.50001E-01
3.661436E+16	6.69000E-01	8.31000E-01
3.653837E+16	6.75000E-01	8.09999E-01
3.646241E+16	6.72001E-01	7.89000E-01
3.638648E+16	6.62001E-01	7.77000E-01
3.631052E+16	6.53999E-01	7.74000E-01
3.623452E+16	6.53000E-01	7.76001E-01
3.615857E+16	6.61000E-01	7.72999E-01
3.608258E+16	6.63999E-01	7.57999E-01
3.600664E+16	6.54999E-01	7.49000E-01
3.593068E+16	6.51000E-01	7.52001E-01
3.585470E+16	6.57001E-01	7.50000E-01
3.577876E+16	6.60000E-01	7.38999E-01
3.570281E+16	6.55001E-01	7.28000E-01
3.562684E+16	6.47999E-01	7.23999E-01
3.555086E+16	6.44999E-01	7.21999E-01
3.547487E+16	6.44000E-01	7.16999E-01
3.539893E+16	6.40000E-01	7.09000E-01
3.532299E+16	6.31999E-01	7.04001E-01
3.524698E+16	6.26000E-01	7.05001E-01
3.517103E+16	6.27001E-01	7.02001E-01
3.509509E+16	6.25001E-01	6.91000E-01
3.501914E+16	6.15999E-01	6.78000E-01
3.494313E+16	5.98000E-01	6.66999E-01
3.486720E+16	5.72001E-01	6.65001E-01
3.479121E+16	5.46000E-01	6.78000E-01
3.471529E+16	5.31999E-01	7.03000E-01
3.463932E+16	5.35999E-01	7.26000E-01
3.456337E+16	5.47001E-01	7.36000E-01
3.448736E+16	5.53001E-01	7.37000E-01
3.441138E+16	5.53001E-01	7.37000E-01
3.433542E+16	5.50001E-01	7.41000E-01
3.425948E+16	5.50000E-01	7.49000E-01
3.418351E+16	5.56000E-01	7.53999E-01
3.410756E+16	5.61000E-01	7.53000E-01
3.403158E+16	5.63000E-01	7.49999E-01
3.395564E+16	5.61000E-01	7.48999E-01
3.387966E+16	5.62001E-01	7.51999E-01
3.380372E+16	5.67000E-01	7.49999E-01
3.372776E+16	5.67000E-01	7.41999E-01
3.365178E+16	5.60001E-01	7.39000E-01
3.357584E+16	5.56999E-01	7.41000E-01
3.349982E+16	5.56999E-01	7.40000E-01
3.342392E+16	5.56000E-01	7.37999E-01
3.334794E+16	5.57000E-01	7.34001E-01
3.327195E+16	5.54000E-01	7.26000E-01
3.319602E+16	5.48000E-01	7.18000E-01
3.312002E+16	5.37000E-01	7.09001E-01
3.304408E+16	5.20000E-01	7.07000E-01
3.296809E+16	5.09000E-01	7.12001E-01
3.289216E+16	5.02000E-01	7.13001E-01
3.281617E+16	4.88999E-01	7.10000E-01
3.274020E+16	4.71000E-01	7.14000E-01
3.266423E+16	4.55999E-01	7.27000E-01
3.258828E+16	4.50001E-01	7.43000E-01
3.251235E+16	4.51000E-01	7.54001E-01
3.243637E+16	4.55000E-01	7.59001E-01
3.236042E+16	4.54000E-01	7.54001E-01
3.228444E+16	4.46000E-01	7.47999E-01
3.220848E+16	4.27000E-01	7.45000E-01
3.213249E+16	4.05001E-01	7.52000E-01
3.205653E+16	3.84000E-01	7.67000E-01
3.198056E+16	3.70000E-01	7.91001E-01
3.190461E+16	3.65001E-01	8.17000E-01
3.182865E+16	3.69000E-01	8.37999E-01
3.175268E+16	3.73000E-01	8.52001E-01
3.167675E+16	3.71001E-01	8.64000E-01
3.160076E+16	3.69000E-01	8.89000E-01
3.152481E+16	3.85999E-01	9.18000E-01
3.144886E+16	4.22001E-01	9.29000E-01
3.137286E+16	4.50000E-01	9.08999E-01
3.129691E+16	4.46999E-01	8.79000E-01
3.122097E+16	4.20001E-01	8.68000E-01
3.114498E+16	3.96000E-01	8.85000E-01
3.106900E+16	3.92000E-01	9.15001E-01
3.099304E+16	4.06001E-01	9.34999E-01
3.091709E+16	4.22999E-01	9.42000E-01
3.084111E+16	4.36000E-01	9.41001E-01
3.076515E+16	4.46000E-01	9.37000E-01
3.068921E+16	4.49000E-01	9.30001E-01
3.061325E+16	4.52000E-01	9.26001E-01
3.053727E+16	4.53000E-01	9.17000E-01
3.046132E+16	4.45000E-01	9.05000E-01
3.038535E+16	4.27001E-01	9.02000E-01
3.030937E+16	4.11000E-01	9.11000E-01
3.023343E+16	4.05000E-01	9.25001E-01
3.015748E+16	4.03001E-01	9.34999E-01
3.008149E+16	4.00001E-01	9.45000E-01
3.000554E+16	4.00000E-01	9.58000E-01
2.992959E+16	4.04001E-01	9.72000E-01
2.985360E+16	4.17000E-01	9.83001E-01
2.977766E+16	4.33001E-01	9.84000E-01
2.970169E+16	4.48999E-01	9.77000E-01
2.962573E+16	4.59000E-01	9.60999E-01
2.954975E+16	4.56999E-01	9.41000E-01
2.947378E+16	4.45000E-01	9.26000E-01
2.939783E+16	4.32000E-01	9.18000E-01
2.932187E+16	4.19999E-01	9.09000E-01
2.924589E+16	4.01000E-01	8.99001E-01
2.916994E+16	3.72999E-01	8.96000E-01
2.909397E+16	3.47001E-01	9.05999E-01
2.901801E+16	3.25999E-01	9.18000E-01
2.894203E+16	3.07000E-01	9.32999E-01
2.886610E+16	2.90000E-01	9.53001E-01
2.879013E+16	2.77999E-01	9.77000E-01
2.871416E+16	2.72001E-01	1.00100E+00
2.863820E+16	2.70999E-01	1.02500E+00
2.856225E+16	2.77000E-01	1.04800E+00
2.848627E+16	2.91000E-01	1.06600E+00
2.841031E+16	3.07001E-01	1.07100E+00
2.833432E+16	3.16999E-01	1.06700E+00
2.825836E+16	3.17999E-01	1.05900E+00
2.818243E+16	3.10000E-01	1.05000E+00
2.810644E+16	2.94000E-01	1.04700E+00
2.803049E+16	2.76999E-01	1.05200E+00
2.795453E+16	2.61999E-01	1.05800E+00
2.787857E+16	2.38000E-01	1.06200E+00
2.780261E+16	2.04999E-01	1.08500E+00
2.772665E+16	1.85001E-01	1.12700E+00
2.765066E+16	1.87999E-01	1.17100E+00
2.757473E+16	2.05000E-01	1.20000E+00
2.749872E+16	2.18001E-01	1.21400E+00
2.742278E+16	2.21000E-01	1.22600E+00
2.734682E+16	2.23000E-01	1.24600E+00
2.727084E+16	2.34001E-01	1.26600E+00
2.719489E+16	2.44000E-01	1.27500E+00
2.711894E+16	2.45001E-01	1.28300E+00
2.704298E+16	2.40000E-01	1.29700E+00
2.696702E+16	2.33000E-01	1.31900E+00
2.689102E+16	2.30000E-01	1.35400E+00
2.681507E+16	2.40999E-01	1.39800E+00
2.673909E+16	2.76000E-01	1.44200E+00
2.666313E+16	3.28001E-01	1.46300E+00
2.658719E+16	3.72000E-01	1.46400E+00
2.651122E+16	4.13001E-01	1.46100E+00
2.643525E+16	4.53000E-01	1.44300E+00
2.635930E+16	4.76000E-01	1.41500E+00
2.628331E+16	4.89999E-01	1.39200E+00
2.620736E+16	5.01001E-01	1.36900E+00
2.613141E+16	5.02999E-01	1.34500E+00
2.605543E+16	5.00000E-01	1.32600E+00
2.597947E+16	4.94000E-01	1.31300E+00
2.590351E+16	4.94000E-01	1.30300E+00
2.582754E+16	4.94000E-01	1.28300E+00
2.575159E+16	4.81000E-01	1.26000E+00
2.567563E+16	4.59000E-01	1.24800E+00
2.559967E+16	4.38001E-01	1.24400E+00
2.552370E+16	4.16000E-01	1.24300E+00
2.544774E+16	3.92000E-01	1.25000E+00
2.537178E+16	3.73000E-01	1.26900E+00
2.529580E+16	3.70001E-01	1.29400E+00
2.521983E+16	3.81999E-01	1.31100E+00
2.514388E+16	3.99000E-01	1.31200E+00
2.506793E+16	4.09000E-01	1.29900E+00
2.499196E+16	4.09000E-01	1.28000E+00
2.491599E+16	3.95999E-01	1.25900E+00
2.484003E+16	3.70000E-01	1.24400E+00
2.476407E+16	3.37001E-01	1.24300E+00
2.468809E+16	3.08999E-01	1.25700E+00
2.461215E+16	2.92001E-01	1.27700E+00
2.453617E+16	2.88001E-01	1.29800E+00
2.446021E+16	2.96999E-01	1.30200E+00
2.438425E+16	2.93000E-01	1.28600E+00
2.430829E+16	2.68000E-01	1.27000E+00
2.423233E+16	2.28999E-01	1.26800E+00
2.415635E+16	1.89999E-01	1.28200E+00
2.408038E+16	1.60000E-01	1.30400E+00
2.400443E+16	1.31000E-01	1.32500E+00
2.392847E+16	9.69999E-02	1.35300E+00
2.385251E+16	6.90011E-02	1.39800E+00
2.377654E+16	6.00001E-02	1.44300E+00
2.370059E+16	5.29987E-02	1.47300E+00
2.362461E+16	2.89991E-02	1.50500E+00
2.354865E+16	-4.00091E-03	1.56700E+00
2.347267E+16	-1.00001E-03	1.66500E+00
2.339672E+16	5.50001E-02	1.74800E+00
2.332075E+16	1.28999E-01	1.79300E+00
2.324480E+16	2.05004E-01	1.81400E+00
2.316883E+16	2.84008E-01	1.80801E+00
2.309288E+16	3.52999E-01	1.76600E+00
2.301692E+16	3.82998E-01	1.69800E+00
2.294095E+16	3.71002E-01	1.64700E+00
2.286498E+16	3.52994E-01	1.62099E+00
2.278902E+16	3.42000E-01	1.60200E+00
2.271304E+16	3.24999E-01	1.57900E+00
2.263708E+16	3.03001E-01	1.56400E+00
2.256113E+16	2.83000E-01	1.55300E+00
2.248516E+16	2.61999E-01	1.53500E+00
2.240919E+16	2.24000E-01	1.51300E+00
2.233323E+16	1.65000E-01	1.50500E+00
2.225728E+16	1.03999E-01	1.52500E+00
2.218130E+16	5.39999E-02	1.56500E+00
2.210534E+16	2.70000E-02	1.61600E+00
2.202939E+16	2.19999E-02	1.65500E+00
2.195342E+16	1.80013E-02	1.67500E+00
2.187746E+16	3.00072E-03	1.67800E+00
2.180150E+16	-4.50005E-02	1.68200E+00
2.172553E+16	-1.10001E-01	1.72800E+00
2.164957E+16	-1.41999E-01	1.80600E+00
2.157360E+16	-1.41997E-01	1.86700E+00
2.149764E+16	-1.52994E-01	1.90800E+00
2.142168E+16	-1.77992E-01	1.96299E+00
2.134570E+16	-1.95009E-01	2.03601E+00
2.126975E+16	-1.97004E-01	2.12400E+00
2.119377E+16	-1.71996E-01	2.21698E+00
2.111781E+16	-1.24001E-01	2.29798E+00
2.104185E+16	-5.89930E-02	2.37601E+00
2.096590E+16	4.49978E-02	2.42300E+00
2.088993E+16	1.38986E-01	2.41000E+00
2.081397E+16	1.88998E-01	2.37500E+00
2.073800E+16	2.15011E-01	2.35400E+00
2.066205E+16	2.36002E-01	2.33500E+00
2.058609E+16	2.48993E-01	2.31501E+00
2.051012E+16	2.44016E-01	2.29000E+00
2.043414E+16	2.27009E-01	2.28499E+00
2.035819E+16	2.11994E-01	2.27900E+00
2.028221E+16	1.71986E-01	2.28299E+00
2.020626E+16	1.35010E-01	2.32301E+00
2.013029E+16	1.18007E-01	2.37399E+00
2.005434E+16	1.13999E-01	2.42498E+00
1.997836E+16	1.11003E-01	2.47200E+00
1.990241E+16	1.03996E-01	2.53901E+00
1.982645E+16	1.29000E-01	2.62998E+00
1.975047E+16	1.93008E-01	2.69899E+00
1.967451E+16	2.59998E-01	2.74901E+00
1.959855E+16	3.43001E-01	2.78000E+00
1.952260E+16	4.23010E-01	2.78699E+00
1.944663E+16	4.95984E-01	2.76600E+00
1.937066E+16	5.20004E-01	2.74101E+00
1.929471E+16	5.56998E-01	2.78301E+00
1.921874E+16	6.79989E-01	2.79399E+00
1.914278E+16	7.96991E-01	2.70799E+00
1.906680E+16	8.41991E-01	2.57299E+00
1.899085E+16	8.04001E-01	2.43900E+00
1.891488E+16	6.92996E-01	2.37800E+00
1.883893E+16	6.21994E-01	2.42300E+00
1.876296E+16	6.53008E-01	2.44601E+00
1.868702E+16	6.55010E-01	2.38301E+00
1.861095E+16	5.80990E-01	2.34399E+00
1.853513E+16	5.03998E-01	2.38000E+00
1.845903E+16	4.92998E-01	2.45398E+00
1.838319E+16	5.49011E-01	2.49300E+00
1.830725E+16	6.21006E-01	2.45700E+00
1.823124E+16	6.50993E-01	2.34800E+00
1.815533E+16	5.82990E-01	2.20499E+00
1.807935E+16	3.98994E-01	2.12800E+00
1.800332E+16	2.13004E-01	2.19700E+00
1.792742E+16	1.37010E-01	2.31400E+00
1.785147E+16	1.10012E-01	2.38099E+00
1.777550E+16	6.89949E-02	2.41201E+00
1.769950E+16	-1.89878E-02	2.44301E+00
1.762349E+16	-1.28989E-01	2.54101E+00
1.754748E+16	-1.72990E-01	2.69600E+00
1.747163E+16	-1.37014E-01	2.80500E+00
1.739564E+16	-1.32998E-01	2.84098E+00
1.731966E+16	-1.80990E-01	2.89501E+00
1.724371E+16	-2.36000E-01	2.97899E+00
1.716765E+16	-3.02008E-01	3.08800E+00
1.709179E+16	-3.64006E-01	3.25699E+00
1.701582E+16	-3.65015E-01	3.48200E+00
1.693977E+16	-2.67007E-01	3.71899E+00
1.686394E+16	-6.30233E-02	3.88800E+00
1.678789E+16	1.62996E-01	3.91198E+00
1.671193E+16	2.83999E-01	3.84899E+00
1.663592E+16	3.24993E-01	3.81299E+00
1.656001E+16	3.42006E-01	3.80699E+00
1.648407E+16	3.40995E-01	3.81598E+00
1.640811E+16	3.13998E-01	3.85501E+00
1.633214E+16	2.78016E-01	3.95501E+00
1.625617E+16	2.93994E-01	4.13398E+00
1.618021E+16	4.36998E-01	4.33998E+00
1.610427E+16	7.27994E-01	4.44101E+00
1.602821E+16	1.00900E+00	4.32501E+00
1.595233E+16	1.13001E+00	4.09999E+00
1.587637E+16	1.10101E+00	3.89102E+00
1.580033E+16	9.58989E-01	3.74799E+00
1.572448E+16	7.49005E-01	3.73200E+00
1.564846E+16	5.64984E-01	3.84400E+00
1.557252E+16	4.36991E-01	4.04898E+00
1.549655E+16	4.40997E-01	4.32498E+00
1.542055E+16	5.71021E-01	4.52300E+00
1.534456E+16	7.06997E-01	4.66102E+00
1.526868E+16	8.96008E-01	4.75401E+00
1.519270E+16	1.07498E+00	4.71300E+00
1.511674E+16	1.09399E+00	4.61398E+00
1.504070E+16	9.95014E-01	4.64200E+00
1.496482E+16	9.38979E-01	4.81099E+00
1.488888E+16	9.88003E-01	5.05301E+00
1.481289E+16	1.18998E+00	5.28199E+00
1.473687E+16	1.48601E+00	5.36003E+00
1.466093E+16	1.69402E+00	5.29699E+00
1.458499E+16	1.78899E+00	5.24702E+00
1.450905E+16	1.85301E+00	5.24900E+00
1.443301E+16	1.90300E+00	5.30699E+00
1.435710E+16	2.02199E+00	5.43601E+00
1.428112E+16	2.24101E+00	5.51502E+00
1.420520E+16	2.47001E+00	5.52999E+00
1.412922E+16	2.71399E+00	5.48198E+00
1.405322E+16	2.90699E+00	5.36100E+00
1.397731E+16	3.03500E+00	5.22900E+00
1.390128E+16	3.12199E+00	5.10899E+00
1.382537E+16	3.16401E+00	5.00699E+00
1.374938E+16	3.18998E+00	4.98000E+00
1.367343E+16	3.30599E+00	4.98500E+00
1.359743E+16	3.46103E+00	4.88299E+00
1.352149E+16	3.49900E+00	4.73202E+00
1.344553E+16	3.48400E+00	4.67900E+00
1.336957E+16	3.52397E+00	4.68701E+00
1.329361E+16	3.64098E+00	4.67900E+00
1.321759E+16	3.78000E+00	4.58798E+00
1.314169E+16	3.85800E+00	4.42402E+00
1.306567E+16	3.82899E+00	4.26900E+00
1.298972E+16	3.74602E+00	4.20101E+00
1.291375E+16	3.68701E+00	4.22700E+00
1.283780E+16	3.71098E+00	4.28399E+00
1.276187E+16	3.78202E+00	4.30901E+00
1.268589E+16	3.87101E+00	4.30101E+00
1.260988E+16	3.94302E+00	4.25801E+00
1.253395E+16	3.99302E+00	4.21901E+00
1.245801E+16	4.03202E+00	4.19100E+00
1.238202E+16	4.08599E+00	4.19900E+00
1.230606E+16	4.20299E+00	4.18100E+00
1.223007E+16	4.29201E+00	4.08700E+00
1.215416E+16	4.31398E+00	3.99999E+00
1.207817E+16	4.31499E+00	3.95000E+00
1.200221E+16	4.29699E+00	3.92800E+00
1.192622E+16	4.26501E+00	3.98600E+00
1.185029E+16	4.32701E+00	4.14901E+00
1.177429E+16	4.57502E+00	4.28501E+00
1.169839E+16	4.90799E+00	4.25299E+00
1.162239E+16	5.19899E+00	4.07400E+00
1.154644E+16	5.38698E+00	3.80299E+00
1.147050E+16	5.45101E+00	3.53000E+00
1.139452E+16	5.43500E+00	3.31100E+00
1.131852E+16	5.39802E+00	3.19900E+00
1.124259E+16	5.47899E+00	3.13900E+00
1.116661E+16	5.63399E+00	2.94400E+00
1.109068E+16	5.67598E+00	2.64100E+00
1.101467E+16	5.59698E+00	2.37500E+00
1.093874E+16	5.49601E+00	2.17700E+00
1.086279E+16	5.38600E+00	1.98400E+00
1.078678E+16	5.22398E+00	1.81200E+00
1.071084E+16	5.02800E+00	1.70900E+00
1.063489E+16	4.85000E+00	1.67600E+00
1.055888E+16	4.71400E+00	1.67500E+00
1.048296E+16	4.60700E+00	1.68500E+00
1.040697E+16	4.51999E+00	1.69900E+00
1.033100E+16	4.44199E+00	1.72200E+00
1.025507E+16	4.39601E+00	1.76500E+00
1.017909E+16	4.39601E+00	1.79100E+00
1.010315E+16	4.40502E+00	1.77600E+00
1.002716E+16	4.40500E+00	1.73800E+00
9.951194E+15	4.38802E+00	1.67600E+00
9.875234E+15	4.33302E+00	1.61200E+00
9.799253E+15	4.25802E+00	1.58300E+00
9.723327E+15	4.20800E+00	1.58200E+00
9.647334E+15	4.18300E+00	1.55800E+00
9.571400E+15	4.13600E+00	1.51100E+00
9.495408E+15	4.06401E+00	1.47200E+00
9.419482E+15	3.98200E+00	1.45100E+00
9.343510E+15	3.89601E+00	1.44500E+00
9.267522E+15	3.81001E+00	1.45500E+00
9.191548E+15	3.73301E+00	1.47900E+00
9.115619E+15	3.66598E+00	1.50300E+00
9.039633E+15	3.58798E+00	1.52200E+00
8.963666E+15	3.49001E+00	1.56200E+00
8.887706E+15	3.39900E+00	1.64400E+00
8.811745E+15	3.34201E+00	1.74700E+00
8.735775E+15	3.31398E+00	1.84400E+00
8.659830E+15	3.28998E+00	1.92399E+00
8.583863E+15	3.24598E+00	2.02000E+00
8.507911E+15	3.22002E+00	2.16001E+00
8.431933E+15	3.24302E+00	2.33001E+00
8.355964E+15	3.35202E+00	2.49700E+00
8.280005E+15	3.52101E+00	2.58200E+00
8.204057E+15	3.67502E+00	2.57901E+00
8.128087E+15	3.77299E+00	2.52600E+00
8.052133E+15	3.79698E+00	2.48100E+00
7.976167E+15	3.80799E+00	2.49600E+00
7.900196E+15	3.86401E+00	2.52500E+00
7.824228E+15	3.94002E+00	2.50900E+00
7.748273E+15	3.97201E+00	2.45201E+00
7.672309E+15	3.94201E+00	2.41300E+00
7.596349E+15	3.88502E+00	2.43300E+00
7.520378E+15	3.85702E+00	2.50600E+00
7.444410E+15	3.85902E+00	2.58801E+00
7.368462E+15	3.87900E+00	2.68200E+00
7.292495E+15	3.91402E+00	2.78701E+00
7.216530E+15	3.97500E+00	2.92400E+00
7.140562E+15	4.11001E+00	3.07501E+00
7.064585E+15	4.31799E+00	3.17500E+00
6.988627E+15	4.54901E+00	3.20701E+00
6.912660E+15	4.77700E+00	3.16100E+00
6.836714E+15	4.94698E+00	3.06599E+00
6.760744E+15	5.06998E+00	2.98799E+00
6.684783E+15	5.20400E+00	2.91900E+00
6.608817E+15	5.32798E+00	2.83100E+00
6.532858E+15	5.45102E+00	2.75101E+00
6.456898E+15	5.59001E+00	2.64600E+00
6.380933E+15	5.71999E+00	2.50600E+00
6.304962E+15	5.82201E+00	2.32500E+00
6.229007E+15	5.85302E+00	2.12800E+00
6.153030E+15	5.83400E+00	1.98600E+00
6.077080E+15	5.83600E+00	1.89800E+00
6.001107E+15	5.90002E+00	1.80700E+00
5.925147E+15	5.98601E+00	1.62500E+00
5.849177E+15	5.96199E+00	1.36000E+00
5.773220E+15	5.79999E+00	1.15600E+00
5.697262E+15	5.59598E+00	1.08100E+00
5.621297E+15	5.43401E+00	1.11700E+00
5.545322E+15	5.35899E+00	1.20400E+00
5.469356E+15	5.34702E+00	1.29200E+00
5.393404E+15	5.39598E+00	1.39500E+00
5.317430E+15	5.55202E+00	1.47800E+00
5.241480E+15	5.80498E+00	1.44000E+00
5.165515E+15	6.02899E+00	1.21100E+00
5.089547E+15	6.06998E+00	8.87996E-01
5.013578E+15	5.97102E+00	6.46003E-01
4.937617E+15	5.84898E+00	4.91997E-01
4.861651E+15	5.73401E+00	3.81000E-01
4.785688E+15	5.62101E+00	3.00000E-01
4.709729E+15	5.51699E+00	2.46000E-01
4.633761E+15	5.42798E+00	2.08000E-01
4.557799E+15	5.35100E+00	1.77000E-01
4.481843E+15	5.28300E+00	1.47000E-01
4.405873E+15	5.21601E+00	1.20000E-01
4.329915E+15	5.15002E+00	9.90002E-02
4.253946E+15	5.08901E+00	8.40002E-02
4.177982E+15	5.03401E+00	7.30003E-02
4.102020E+15	4.98300E+00	6.50000E-02
4.026058E+15	4.93600E+00	5.89999E-02
3.950098E+15	4.89399E+00	5.39997E-02
3.874136E+15	4.85401E+00	5.00001E-02
3.798167E+15	4.81699E+00	4.60002E-02
3.722205E+15	4.78300E+00	4.30000E-02
3.646241E+15	4.75101E+00	4.00000E-02
3.570281E+15	4.72198E+00	3.79999E-02
3.494313E+15	4.69300E+00	3.60000E-02
3.418351E+15	4.66701E+00	3.40000E-02
3.342392E+15	4.64199E+00	3.20000E-02
3.266423E+15	4.61798E+00	3.00000E-02
3.190461E+15	4.59502E+00	2.90000E-02
3.114498E+15	4.57400E+00	2.70000E-02
3.038535E+15	4.55400E+00	2.60000E-02
2.962573E+15	4.53499E+00	2.40000E-02
2.886610E+15	4.51602E+00	2.30000E-02
2.810644E+15	4.49900E+00	2.20000E-02
2.734682E+15	4.48200E+00	2.10000E-02
2.658719E+15	4.46601E+00	2.00000E-02
2.582754E+15	4.45098E+00	1.90000E-02
2.506793E+15	4.43699E+00	1.80000E-02
2.430829E+15	4.42301E+00	1.70000E-02
2.354865E+15	4.40998E+00	1.70000E-02
2.278902E+15	4.39798E+00	1.60000E-02
2.202939E+15	4.38600E+00	1.50000E-02
2.126975E+15	4.37499E+00	1.40000E-02
2.051012E+15	4.36399E+00	1.40000E-02
1.975047E+15	4.35402E+00	1.30000E-02
1.899085E+15	4.34401E+00	1.20000E-02
1.823124E+15	4.33501E+00	1.20000E-02
1.747163E+15	4.32602E+00	1.10000E-02
1.671193E+15	4.31800E+00	9.99999E-03
1.595233E+15	4.31002E+00	1.00000E-02
1.519270E+15	4.30301E+00	8.99999E-03
1.443301E+15	4.29600E+00	8.99999E-03
1.367343E+15	4.28900E+00	7.99999E-03
1.291375E+15	4.28299E+00	7.99997E-03
1.215416E+15	4.27699E+00	6.99999E-03
1.139452E+15	4.27199E+00	6.99999E-03
1.063489E+15	4.26699E+00	5.99999E-03
9.875234E+14	4.26199E+00	5.99998E-03
9.115619E+14	4.25799E+00	5.00000E-03
8.355964E+14	4.25399E+00	5.00000E-03
7.596349E+14	4.25102E+00	4.00001E-03
6.836714E+14	4.24702E+00	4.00001E-03
6.077080E+14	4.24500E+00	3.00000E-03
5.317430E+14	4.24199E+00	3.00000E-03
4.557799E+14	4.24002E+00	3.00000E-03
3.798167E+14	4.23800E+00	2.00000E-03
3.038535E+14	4.23701E+00	2.00000E-03
2.278902E+14	4.23499E+00	1.00000E-03
1.519270E+14	4.23499E+00	1.00000E-03
7.596349E+13	4.23401E+00	0.00000E+00