950
5.381862E+15	2.12733	0.00000
5.328576E+15	2.12465	0.00000
5.276335E+15	2.12206	0.00000
5.225108E+15	2.11956	0.00000
5.174867E+15	2.11714	0.00000
5.125582E+15	2.11480	0.00000
5.077228E+15	2.11253	0.00000
5.029777E+15	2.11034	0.00000
4.983205E+15	2.10821	0.00000
4.937488E+15	2.10615	0.00000
4.892601E+15	2.10416	0.00000
4.848524E+15	2.10222	0.00000
4.805234E+15	2.10034	0.00000
4.762709E+15	2.09852	0.00000
4.720931E+15	2.09675	0.00000
4.679880E+15	2.09504	0.00000
4.639536E+15	2.09337	0.00000
4.599882E+15	2.09175	0.00000
4.560900E+15	2.09018	0.00000
4.522573E+15	2.08864	0.00000
4.484885E+15	2.08716	0.00000
4.447820E+15	2.08571	0.00000
4.411362E+15	2.08430	0.00000
4.375497E+15	2.08293	0.00000
4.340211E+15	2.08160	0.00000
4.305489E+15	2.08030	0.00000
4.271319E+15	2.07903	0.00000
4.237686E+15	2.07780	0.00000
4.204579E+15	2.07660	0.00000
4.171986E+15	2.07543	0.00000
4.139894E+15	2.07429	0.00000
4.108291E+15	2.07317	0.00000
4.077168E+15	2.07209	0.00000
4.046512E+15	2.07103	0.00000
4.016315E+15	2.06999	0.00000
3.986564E+15	2.06899	0.00000
3.957251E+15	2.06800	0.00000
3.928366E+15	2.06704	0.00000
3.899900E+15	2.06610	0.00000
3.871843E+15	2.06518	0.00000
3.844187E+15	2.06429	0.00000
3.816923E+15	2.06341	0.00000
3.790043E+15	2.06256	0.00000
3.763540E+15	2.06172	0.00000
3.737404E+15	2.06090	0.00000
3.711629E+15	2.06010	0.00000
3.686207E+15	2.05932	0.00000
3.661130E+15	2.05855	0.00000
3.636393E+15	2.05780	0.00000
3.611988E+15	2.05707	0.00000
3.587908E+15	2.05636	0.00000
3.564147E+15	2.05565	0.00000
3.540698E+15	2.05497	0.00000
3.517557E+15	2.05429	0.00000
3.494715E+15	2.05363	0.00000
3.472169E+15	2.05299	0.00000
3.449911E+15	2.05236	0.00000
3.427937E+15	2.05174	0.00000
3.406242E+15	2.05113	0.00000
3.384819E+15	2.05053	0.00000
3.363664E+15	2.04995	0.00000
3.342771E+15	2.04938	0.00000
3.322137E+15	2.04882	0.00000
3.301756E+15	2.04827	0.00000
3.281623E+15	2.04773	0.00000
3.261734E+15	2.04720	0.00000
3.242085E+15	2.04668	0.00000
3.222672E+15	2.04617	0.00000
3.203489E+15	2.04567	0.00000
3.184534E+15	2.04518	0.00000
3.165801E+15	2.04470	0.00000
3.147287E+15	2.04423	0.00000
3.128989E+15	2.04377	0.00000
3.110903E+15	2.04331	0.00000
3.093024E+15	2.04286	0.00000
3.075349E+15	2.04243	0.00000
3.057876E+15	2.04199	0.00000
3.040600E+15	2.04157	0.00000
3.023518E+15	2.04115	0.00000
3.006627E+15	2.04075	0.00000
2.989923E+15	2.04034	0.00000
2.973404E+15	2.03995	0.00000
2.957067E+15	2.03956	0.00000
2.940908E+15	2.03918	0.00000
2.924925E+15	2.03881	0.00000
2.909114E+15	2.03844	0.00000
2.893474E+15	2.03807	0.00000
2.878001E+15	2.03772	0.00000
2.862692E+15	2.03737	0.00000
2.847546E+15	2.03702	0.00000
2.832559E+15	2.03668	0.00000
2.817729E+15	2.03635	0.00000
2.803053E+15	2.03602	0.00000
2.788529E+15	2.03570	0.00000
2.774155E+15	2.03538	0.00000
2.759929E+15	2.03507	0.00000
2.745848E+15	2.03476	0.00000
2.731909E+15	2.03446	0.00000
2.718112E+15	2.03416	0.00000
2.704453E+15	2.03387	0.00000
2.690931E+15	2.03358	0.00000
2.299941E+15	1.96000	0.00000
2.245115E+15	1.96000	0.00001
2.192842E+15	1.96000	0.00000
2.142948E+15	1.96000	0.00000
2.095274E+15	1.95720	0.00000
2.049675E+15	1.95720	0.00000
2.006019E+15	1.95720	0.00000
1.964183E+15	1.95720	0.00000
1.924057E+15	1.95720	0.00000
1.885537E+15	1.95720	0.00000
1.848530E+15	1.95720	0.00000
1.812947E+15	1.95720	0.00000
1.778708E+15	1.95720	0.00000
1.745738E+15	1.95440	0.00000
1.713969E+15	1.95440	0.00000
1.683335E+15	1.95440	0.00000
1.653777E+15	1.95440	0.00000
1.625239E+15	1.95440	0.00001
1.597669E+15	1.95440	0.00003
1.571019E+15	1.95440	0.00001
1.545243E+15	1.95440	0.00000
1.520300E+15	1.95440	0.00000
1.496149E+15	1.95440	0.00000
1.472753E+15	1.95161	0.00000
1.450078E+15	1.95161	0.00000
1.428091E+15	1.95161	0.00000
1.406760E+15	1.95161	0.00000
1.386057E+15	1.95161	0.00001
1.365955E+15	1.95161	0.00002
1.346427E+15	1.95161	0.00004
1.327450E+15	1.95161	0.00001
1.309000E+15	1.95161	0.00001
1.291057E+15	1.95161	0.00001
1.273598E+15	1.94882	0.00000
1.256605E+15	1.94882	0.00001
1.240060E+15	1.94882	0.00002
1.223945E+15	1.94882	0.00001
1.208243E+15	1.94882	0.00001
1.192940E+15	1.94882	0.00000
1.178018E+15	1.94882	0.00000
1.163466E+15	1.94882	0.00000
1.149269E+15	1.94882	0.00001
1.135414E+15	1.94882	0.00002
1.121889E+15	1.94602	0.00006
1.108682E+15	1.94602	0.00025
1.095783E+15	1.94602	0.00006
1.083181E+15	1.94602	0.00027
1.070865E+15	1.94602	0.00011
1.058826E+15	1.94602	0.00009
1.047055E+15	1.94602	0.00003
1.035542E+15	1.94602	0.00001
1.024280E+15	1.94602	0.00006
1.013261E+15	1.94602	0.00003
1.002476E+15	1.94324	0.00001
9.919176E+14	1.94324	0.00001
9.815798E+14	1.94324	0.00001
9.714552E+14	1.94324	0.00002
9.615373E+14	1.94324	0.00002
9.518199E+14	1.94324	0.00003
9.422969E+14	1.94324	0.00003
9.329626E+14	1.94324	0.00003
9.238115E+14	1.94324	0.00003
9.148381E+14	1.94045	0.00002
9.060373E+14	1.94045	0.00001
8.974043E+14	1.94045	0.00002
8.889342E+14	1.94045	0.00002
8.806225E+14	1.94045	0.00003
8.724648E+14	1.94045	0.00006
8.644569E+14	1.94045	0.00009
8.565946E+14	1.93766	0.00014
8.488741E+14	1.93766	0.00023
8.412915E+14	1.93766	0.00030
8.338431E+14	1.93766	0.00048
8.265255E+14	1.93766	0.00099
8.193352E+14	1.93766	0.00180
8.122689E+14	1.93766	0.00043
8.053235E+14	1.93766	0.00029
7.984958E+14	1.93488	0.00061
7.917829E+14	1.93766	0.00088
7.851820E+14	1.93488	0.00064
7.786902E+14	1.93488	0.00034
7.723049E+14	1.93488	0.00038
7.660234E+14	1.93488	0.00073
7.598433E+14	1.93488	0.00067
7.537621E+14	1.93488	0.00189
7.534606E+14	1.92100	0.00000
7.525275E+14	1.92100	0.00000
7.515667E+14	1.92100	0.00000
7.506382E+14	1.92100	0.00000
7.496822E+14	1.92100	0.00000
7.487584E+14	1.92100	0.00000
7.478072E+14	1.92100	0.00000
7.468584E+14	1.92100	0.00000
7.459120E+14	1.92100	0.00000
7.449975E+14	1.92100	0.00000
7.440558E+14	1.92100	0.00000
7.430871E+14	1.91823	0.00000
7.421503E+14	1.91823	0.00000
7.412157E+14	1.91823	0.00000
7.402836E+14	1.92100	0.00000
7.393247E+14	1.92100	0.00000
7.383973E+14	1.92100	0.00000
7.374434E+14	1.92100	0.00000
7.365207E+14	1.91823	0.00000
7.355715E+14	1.91823	0.00000
7.346248E+14	1.91823	0.00000
7.336806E+14	1.92100	0.00000
7.327388E+14	1.91823	0.00000
7.317994E+14	1.91823	0.00000
7.308624E+14	1.91823	0.00000
7.299278E+14	1.91823	0.00000
7.289673E+14	1.91823	0.00000
7.280376E+14	1.91823	0.00000
7.270821E+14	1.91823	0.00000
7.261571E+14	1.91823	0.00000
7.252066E+14	1.91823	0.00000
7.242585E+14	1.91823	0.00000
7.233129E+14	1.91823	0.00000
7.223698E+14	1.91546	0.00000
7.214292E+14	1.91546	0.00000
7.204910E+14	1.91546	0.00000
7.195552E+14	1.91546	0.00000
7.186218E+14	1.91823	0.00000
7.176636E+14	1.91546	0.00000
7.167351E+14	1.91546	0.00000
7.157819E+14	1.91546	0.00000
7.148583E+14	1.91546	0.00000
7.139100E+14	1.91546	0.00000
7.129643E+14	1.91546	0.00000
7.120210E+14	1.91546	0.00000
7.110802E+14	1.91546	0.00000
7.101420E+14	1.91546	0.00000
7.092062E+14	1.91546	0.00000
7.082462E+14	1.91546	0.00000
7.073154E+14	1.91269	0.00000
7.063605E+14	1.91269	0.00277
7.054346E+14	1.91546	0.00000
7.044848E+14	1.91269	0.00277
7.035376E+14	1.91546	0.00277
7.025929E+14	1.91546	0.00277
7.016507E+14	1.91546	0.00000
7.007111E+14	1.91546	0.00277
6.997740E+14	1.91546	0.00277
6.988393E+14	1.91546	0.00277
6.978814E+14	1.91546	0.00277
6.969518E+14	1.91546	0.00277
6.959990E+14	1.91546	0.00277
6.950744E+14	1.91546	0.00277
6.941267E+14	1.91546	0.00277
6.931816E+14	1.91546	0.00277
6.922390E+14	1.91822	0.00277
6.912990E+14	1.91546	0.00000
6.903616E+14	1.91546	0.00277
6.894267E+14	1.91546	0.00277
6.884691E+14	1.91546	0.00277
6.875394E+14	1.91546	0.00277
6.865870E+14	1.91546	0.00277
6.856374E+14	1.91823	0.00000
6.847152E+14	1.91546	0.00277
6.837707E+14	1.91546	0.00277
6.828288E+14	1.91546	0.00277
6.818895E+14	1.91546	0.00277
6.809282E+14	1.91822	0.00277
6.799941E+14	1.91823	0.00000
6.790625E+14	1.91823	0.00000
6.781091E+14	1.91546	0.00000
6.771828E+14	1.91546	0.00000
6.762346E+14	1.91546	0.00000
6.752892E+14	1.91546	0.00000
6.743463E+14	1.91546	0.00000
6.734061E+14	1.91546	0.00000
6.724685E+14	1.91269	0.00000
6.715335E+14	1.91546	0.00000
6.705773E+14	1.91546	0.00000
6.696475E+14	1.91546	0.00000
6.686966E+14	1.91269	0.00000
6.677484E+14	1.91546	0.00000
6.668029E+14	1.91546	0.00000
6.658601E+14	1.91269	0.00000
6.649199E+14	1.91269	0.00000
6.639824E+14	1.91269	0.00000
6.630475E+14	1.90992	0.00000
6.620919E+14	1.91269	0.00000
6.611624E+14	1.90992	0.00000
6.602122E+14	1.91269	0.00000
6.592879E+14	1.91269	0.00000
6.583432E+14	1.91269	0.00000
6.574012E+14	1.91269	0.00000
6.564618E+14	1.91269	0.00000
6.555024E+14	1.91269	0.00000
6.545684E+14	1.90992	0.00000
6.536372E+14	1.90992	0.00000
6.526859E+14	1.91269	0.00000
6.517374E+14	1.91269	0.00000
6.507917E+14	1.90992	0.00000
6.498487E+14	1.90992	0.00000
6.489085E+14	1.90992	0.00000
6.479710E+14	1.90992	0.00000
6.470361E+14	1.90992	0.00000
6.460818E+14	1.90992	0.00000
6.451524E+14	1.90992	0.00000
6.442037E+14	1.90992	0.00000
6.432577E+14	1.90992	0.00000
6.423145E+14	1.90992	0.00000
6.413741E+14	1.90992	0.00000
6.404364E+14	1.90992	0.00000
6.395015E+14	1.90992	0.00000
6.385476E+14	1.90992	0.00000
6.376182E+14	1.90992	0.00000
6.366699E+14	1.90992	0.00000
6.357245E+14	1.90716	0.00000
6.347818E+14	1.90716	0.00000
6.338420E+14	1.90716	0.00000
6.329049E+14	1.90716	0.00000
6.319706E+14	1.90716	0.00000
6.310179E+14	1.90716	0.00000
6.300892E+14	1.90716	0.00000
6.291421E+14	1.90716	0.00000
6.281980E+14	1.90716	0.00000
6.272566E+14	1.90716	0.00000
6.263181E+14	1.90716	0.00000
6.253823E+14	1.90716	0.00000
6.244287E+14	1.90440	0.00000
6.234986E+14	1.90440	0.00000
6.225507E+14	1.90440	0.00000
6.216056E+14	1.90440	0.00000
6.206635E+14	1.90440	0.00000
6.197242E+14	1.90440	0.00000
6.187877E+14	1.90440	0.00000
6.178338E+14	1.90440	0.00000
6.169030E+14	1.90440	0.00000
6.159549E+14	1.90164	0.00000
6.150097E+14	1.90440	0.00000
6.140673E+14	1.90164	0.00000
6.131279E+14	1.90164	0.00000
6.121914E+14	1.90164	0.00000
6.112378E+14	1.90164	0.00000
6.103070E+14	1.90164	0.00000
6.093593E+14	1.90164	0.00000
6.084146E+14	1.90164	0.00000
6.074728E+14	1.89888	0.00000
6.065339E+14	1.89888	0.00000
6.055979E+14	1.89888	0.00000
6.046453E+14	1.89888	0.00000
6.037151E+14	1.89888	0.00000
6.027685E+14	1.89888	0.00000
6.018248E+14	1.89888	0.00000
6.008841E+14	1.89888	0.00000
5.999464E+14	1.89888	0.00000
5.989925E+14	1.89888	0.00000
5.980606E+14	1.89888	0.00000
5.971127E+14	1.89888	0.00000
5.961677E+14	1.89888	0.00000
5.952258E+14	1.89613	0.00000
5.942868E+14	1.89613	0.00000
5.933508E+14	1.89613	0.00000
5.923991E+14	1.89613	0.00000
5.914691E+14	1.89338	0.00000
5.905234E+14	1.89613	0.00275
5.895808E+14	1.89338	0.00000
5.886411E+14	1.89338	0.00275
5.877045E+14	1.89338	0.00275
5.867525E+14	1.89613	0.00275
5.858218E+14	1.89338	0.00275
5.848760E+14	1.89338	0.00275
5.839332E+14	1.89338	0.00275
5.829934E+14	1.89338	0.00275
5.820566E+14	1.89338	0.00275
5.811049E+14	1.89063	0.00000
5.801563E+14	1.89062	0.00275
5.792286E+14	1.89063	0.00000
5.782862E+14	1.89063	0.00000
5.773468E+14	1.88788	0.00275
5.763928E+14	1.88788	0.00275
5.754595E+14	1.88788	0.00275
5.745117E+14	1.88513	0.00275
5.735671E+14	1.88513	0.00275
5.726255E+14	1.88513	0.00275
5.716870E+14	1.88238	0.00274
5.707516E+14	1.87964	0.00274
5.698020E+14	1.87964	0.00274
5.688556E+14	1.87690	0.00274
5.679294E+14	1.87416	0.00548
5.669721E+14	1.87142	0.00000
5.660351E+14	1.86869	0.00547
5.651011E+14	1.86322	0.00819
5.641533E+14	1.85775	0.01090
5.632087E+14	1.84958	0.01360
5.622673E+14	1.83325	0.02166
5.613290E+14	1.82228	0.04050
5.603938E+14	1.81632	0.07549
5.594451E+14	1.83147	0.11644
5.584996E+14	1.87958	0.14543
5.575573E+14	1.94074	0.13940
5.566182E+14	1.97561	0.09842
5.556822E+14	1.97929	0.05347
5.547331E+14	1.96548	0.03084
5.537871E+14	1.95436	0.01957
5.528444E+14	1.94321	0.01394
5.519049E+14	1.93487	0.01113
5.509686E+14	1.92931	0.01111
5.500194E+14	1.92375	0.01110
5.490895E+14	1.91820	0.01385
5.481468E+14	1.92096	0.01663
5.472073E+14	1.92095	0.01940
5.462551E+14	1.92651	0.01666
5.453221E+14	1.92653	0.01110
5.443765E+14	1.92653	0.01110
5.434342E+14	1.92654	0.00833
5.424951E+14	1.92099	0.00554
5.415437E+14	1.92099	0.00554
5.406112E+14	1.91822	0.00277
5.396664E+14	1.91823	0.00000
5.387249E+14	1.91546	0.00000
5.377867E+14	1.91546	0.00277
5.368364E+14	1.91269	0.00277
5.359047E+14	1.91269	0.00277
5.349611E+14	1.91269	0.00277
5.340208E+14	1.91269	0.00277
5.330687E+14	1.91269	0.00277
5.321350E+14	1.90992	0.00000
5.311896E+14	1.90992	0.00276
5.302476E+14	1.90716	0.00276
5.293089E+14	1.90992	0.00276
5.283587E+14	1.90992	0.00000
5.274267E+14	1.90716	0.00276
5.264832E+14	1.90992	0.00276
5.255431E+14	1.90992	0.00276
5.245917E+14	1.90992	0.00000
5.236584E+14	1.90716	0.00000
5.227138E+14	1.90716	0.00000
5.217727E+14	1.90716	0.00000
5.208349E+14	1.90440	0.00000
5.198862E+14	1.90440	0.00000
5.189409E+14	1.90440	0.00000
5.179990E+14	1.90440	0.00000
5.170605E+14	1.90440	0.00000
5.161255E+14	1.90164	0.00000
5.151797E+14	1.90164	0.00000
5.142374E+14	1.90164	0.00000
5.132985E+14	1.90164	0.00000
5.123491E+14	1.90164	0.00000
5.114171E+14	1.90164	0.00000
5.104747E+14	1.90164	0.00000
5.095219E+14	1.89888	0.00000
5.085864E+14	1.89888	0.00000
5.076407E+14	1.89888	0.00000
5.066985E+14	1.89888	0.00000
5.057597E+14	1.89888	0.00000
5.048245E+14	1.89888	0.00000
5.038792E+14	1.89888	0.00000
5.029374E+14	1.89888	0.00000
5.019992E+14	1.89888	0.00000
5.010511E+14	1.89888	0.00000
5.001066E+14	1.89613	0.00000
4.991657E+14	1.89613	0.00000
4.982283E+14	1.89613	0.00000
4.972812E+14	1.89613	0.00000
4.963378E+14	1.89613	0.00000
4.953979E+14	1.89338	0.00000
4.944616E+14	1.89338	0.00000
4.935159E+14	1.89338	0.00000
4.925738E+14	1.89338	0.00000
4.916353E+14	1.89338	0.00000
4.906876E+14	1.89338	0.00000
4.897435E+14	1.89338	0.00000
4.888031E+14	1.89338	0.00000
4.878662E+14	1.89063	0.00000
4.869204E+14	1.89063	0.00000
4.859782E+14	1.89063	0.00000
4.850397E+14	1.89063	0.00000
4.840923E+14	1.89063	0.00000
4.831610E+14	1.89063	0.00000
4.822086E+14	1.89063	0.00000
4.812723E+14	1.89063	0.00000
4.803273E+14	1.89063	0.00000
4.793860E+14	1.89063	0.00000
4.784485E+14	1.89063	0.00000
4.775024E+14	1.89063	0.00000
4.765601E+14	1.89063	0.00000
4.756215E+14	1.89063	0.00000
4.746747E+14	1.88788	0.00000
4.737435E+14	1.88788	0.00000
4.727922E+14	1.88788	0.00000
4.718566E+14	1.88788	0.00000
4.709129E+14	1.88788	0.00000
4.699729E+14	1.88788	0.00000
4.690251E+14	1.88788	0.00000
4.680926E+14	1.88788	0.00000
4.671407E+14	1.88513	0.00000
4.662042E+14	1.88513	0.00000
4.652600E+14	1.88513	0.00000
4.643196E+14	1.88513	0.00000
4.633829E+14	1.88513	0.00000
4.624387E+14	1.88513	0.00000
4.614983E+14	1.88238	0.00000
4.605505E+14	1.88238	0.00000
4.596066E+14	1.88238	0.00000
4.586665E+14	1.88238	0.00000
4.577303E+14	1.88238	0.00000
4.567868E+14	1.88238	0.00000
4.558471E+14	1.88238	0.00000
4.549004E+14	1.88238	0.00000
4.539576E+14	1.88238	0.00000
4.530187E+14	1.87964	0.00000
4.520728E+14	1.87964	0.00000
4.511308E+14	1.87964	0.00000
4.501928E+14	1.87690	0.00000
4.492479E+14	1.87690	0.00000
4.483070E+14	1.87690	0.00000
4.473700E+14	1.87690	0.00000
4.464264E+14	1.87690	0.00000
4.454867E+14	1.87690	0.00000
4.445405E+14	1.87690	0.00000
4.435983E+14	1.87416	0.00000
4.426601E+14	1.87416	0.00000
4.417155E+14	1.87416	0.00000
4.407749E+14	1.87142	0.00000
4.398280E+14	1.87142	0.00000
4.388955E+14	1.87142	0.00000
4.379465E+14	1.87142	0.00000
4.370117E+14	1.87142	0.00000
4.360607E+14	1.87142	0.00000
4.351239E+14	1.87142	0.00000
4.341812E+14	1.87142	0.00000
4.332425E+14	1.86869	0.00000
4.322979E+14	1.86869	0.00000
4.313574E+14	1.86869	0.00000
4.295083E+14	1.86869	0.00000
4.304112E+14	1.86869	0.00000
4.285312E+14	1.86869	0.00000
4.275876E+14	1.86869	0.00000
4.266481E+14	1.86869	0.00000
4.257032E+14	1.86596	0.00000
4.238068E+14	1.86596	0.00273
4.238258E+14	1.86869	0.00000
4.228839E+14	1.86596	0.00273
4.219366E+14	1.86596	0.00273
4.209936E+14	1.86596	0.00273
4.200548E+14	1.86596	0.00273
4.191108E+14	1.86596	0.00273
4.181711E+14	1.86322	0.00273
4.172263E+14	1.86322	0.00273
4.162858E+14	1.86322	0.00273
4.153495E+14	1.86322	0.00273
4.143992E+14	1.86322	0.00273
4.134623E+14	1.86322	0.00273
4.125206E+14	1.86322	0.00273
4.115742E+14	1.86050	0.00273
4.106321E+14	1.86050	0.00273
4.096943E+14	1.86050	0.00273
4.087519E+14	1.86050	0.00273
4.078139E+14	1.86050	0.00273
4.068713E+14	1.86050	0.00273
4.059244E+14	1.86050	0.00273
4.049818E+14	1.86050	0.00273
4.040437E+14	1.85777	0.00273
4.031012E+14	1.85777	0.00273
4.021631E+14	1.85777	0.00273
4.012208E+14	1.85777	0.00273
4.002745E+14	1.85777	0.00273
3.993325E+14	1.85777	0.00273
3.983950E+14	1.85504	0.00545
3.974535E+14	1.85504	0.00545
3.965081E+14	1.85504	0.00545
3.955672E+14	1.85504	0.00272
3.946225E+14	1.85504	0.00272
3.936823E+14	1.85232	0.00544
3.927383E+14	1.85232	0.00544
3.917989E+14	1.85232	0.00544
3.908558E+14	1.84960	0.00544
3.899173E+14	1.84960	0.00544
3.889753E+14	1.84960	0.00544
3.880297E+14	1.84960	0.00544
3.870888E+14	1.84960	0.00544
3.861524E+14	1.84960	0.00544
3.852048E+14	1.84960	0.00544
3.842618E+14	1.84960	0.00544
3.833235E+14	1.84688	0.00544
3.823819E+14	1.84688	0.00544
3.814372E+14	1.84688	0.00544
3.804972E+14	1.84416	0.00543
3.795542E+14	1.84416	0.00815
3.786158E+14	1.84416	0.00815
3.776745E+14	1.84415	0.01086
3.767303E+14	1.84415	0.01086
3.757908E+14	1.84415	0.01086
3.748486E+14	1.84415	0.01086
3.739036E+14	1.84415	0.01086
3.729634E+14	1.84415	0.01086
3.720205E+14	1.84415	0.01086
3.710824E+14	1.84415	0.01086
3.701345E+14	1.84143	0.01086
3.691987E+14	1.84143	0.01086
3.682531E+14	1.84143	0.01086
3.673124E+14	1.84143	0.01086
3.663694E+14	1.84143	0.01086
3.654312E+14	1.84415	0.01086
3.644837E+14	1.84143	0.01086
3.635481E+14	1.84143	0.01086
3.626033E+14	1.84144	0.00814
3.616634E+14	1.84144	0.00814
3.607215E+14	1.83873	0.00814
3.597776E+14	1.83873	0.00814
3.588386E+14	1.83873	0.00814
3.578909E+14	1.83602	0.00813
3.569550E+14	1.83602	0.00813
3.560105E+14	1.83331	0.00812
3.550710E+14	1.83331	0.00812
3.541298E+14	1.83331	0.00812
3.531869E+14	1.83331	0.00812
3.522424E+14	1.83331	0.00812
3.513030E+14	1.83331	0.00812
3.503621E+14	1.83331	0.00542
3.484759E+14	1.82790	0.00541
3.475308E+14	1.82790	0.00541
3.465908E+14	1.82520	0.00540
3.456495E+14	1.82519	0.00811
3.447070E+14	1.82249	0.00810
3.437634E+14	1.82249	0.00810
3.428249E+14	1.81979	0.00809
3.418854E+14	1.81979	0.00809
3.409386E+14	1.81979	0.01079
3.399970E+14	1.81979	0.00809
3.390546E+14	1.81979	0.01079
3.381173E+14	1.81709	0.01078
3.371732E+14	1.81709	0.01078
3.362343E+14	1.81170	0.01077
3.352886E+14	1.81709	0.01078
3.343483E+14	1.81439	0.01078
3.334074E+14	1.81439	0.01078
3.324658E+14	1.81439	0.01078
3.315237E+14	1.81170	0.01077
3.305812E+14	1.81170	0.01077
3.296382E+14	1.80901	0.01076
3.286948E+14	1.80901	0.01076
3.277569E+14	1.80631	0.01344
3.268129E+14	1.80631	0.01344
3.258744E+14	1.80631	0.01344
3.249300E+14	1.80362	0.01343
3.239855E+14	1.80362	0.01343
3.230465E+14	1.80362	0.01343
3.221018E+14	1.80094	0.01342
3.211627E+14	1.80094	0.01342
3.202400E+14	1.80094	0.01342
3.192792E+14	1.79826	0.01341
3.183350E+14	1.79825	0.01609
3.173963E+14	1.79558	0.01340
3.164525E+14	1.79558	0.01340
3.155142E+14	1.79290	0.01339
3.145711E+14	1.79289	0.01607
3.136283E+14	1.79021	0.01606
3.126860E+14	1.79021	0.01606
3.117441E+14	1.78753	0.01604
3.108028E+14	1.78753	0.01604
3.098621E+14	1.78486	0.01603
3.089169E+14	1.78486	0.01603
3.079774E+14	1.78486	0.01603
3.070337E+14	1.78219	0.01602
3.060957E+14	1.77952	0.01601
3.051535E+14	1.77951	0.01868
3.042073E+14	1.77684	0.01866
3.032669E+14	1.77684	0.01866
3.023275E+14	1.77418	0.01865
3.013843E+14	1.77418	0.01865
3.004421E+14	1.77151	0.01863
2.995010E+14	1.77151	0.01863
2.985611E+14	1.76885	0.01862
2.976176E+14	1.76618	0.02126
2.966754E+14	1.76618	0.02126
2.957345E+14	1.76354	0.01859
2.947904E+14	1.76352	0.02125
2.938476E+14	1.76352	0.02125
2.929064E+14	1.76354	0.01859
2.919666E+14	1.75824	0.01591
2.910238E+14	1.75293	0.01854
2.900826E+14	1.75291	0.02118
2.891387E+14	1.75293	0.01854
2.882008E+14	1.74762	0.02115
2.872559E+14	1.74760	0.02380
2.863171E+14	1.74762	0.02115
2.853715E+14	1.74236	0.01584
2.844321E+14	1.73708	0.01845
2.834903E+14	1.73708	0.01845
2.825463E+14	1.73181	0.01842
2.816044E+14	1.72916	0.02104
2.806645E+14	1.72916	0.02104
2.797225E+14	1.72392	0.01838
2.787786E+14	1.71866	0.02098
2.778370E+14	1.71602	0.02358
2.768976E+14	1.71342	0.02094
2.759565E+14	1.70557	0.02090
2.750137E+14	1.70030	0.02869
2.740694E+14	1.69767	0.03127
2.731276E+14	1.69761	0.03648
2.721883E+14	1.69761	0.03648
2.712476E+14	1.69501	0.03646
2.703056E+14	1.68983	0.03380
2.693624E+14	1.68201	0.03632
2.684220E+14	1.67159	0.04138
2.674768E+14	1.66878	0.05685
2.665381E+14	1.67635	0.06734
2.655948E+14	1.68673	0.06755
2.646544E+14	1.68938	0.06500
2.637096E+14	1.69468	0.05989
2.627679E+14	1.70002	0.05216
2.618292E+14	1.69498	0.03906
2.608863E+14	1.68207	0.03113
2.599431E+14	1.67171	0.03103
2.590031E+14	1.66396	0.03096
2.580592E+14	1.65623	0.03089
2.571187E+14	1.64851	0.03082
2.561780E+14	1.64082	0.03074
2.552339E+14	1.63314	0.03067
2.542932E+14	1.62548	0.03060
2.533526E+14	1.61530	0.03050
2.524089E+14	1.60515	0.03041
2.514687E+14	1.59250	0.03029
2.505256E+14	1.58240	0.03271
2.495828E+14	1.56731	0.03506
2.486406E+14	1.55478	0.03741
2.476990E+14	1.53738	0.03720
2.467580E+14	1.51757	0.03942
2.458177E+14	1.49541	0.04403
2.448749E+14	1.46854	0.04848
2.439331E+14	1.43938	0.06000
2.429922E+14	1.39859	0.07098
2.420493E+14	1.34655	0.08591
2.407992E+14	1.26302	0.11475
2.401667E+14	1.12151	0.19559
2.392242E+14	0.96426	0.46818
2.382831E+14	1.06943	1.00979
2.373403E+14	1.87975	1.29870
2.363991E+14	2.36520	0.62350
2.354564E+14	2.16778	0.20636
2.345155E+14	1.98426	0.09018
2.335733E+14	1.86829	0.05468
2.326300E+14	1.79267	0.04285
2.316886E+14	1.73957	0.03693
2.307463E+14	1.69764	0.03388
2.298061E+14	1.66135	0.03351
2.288623E+14	1.62803	0.03062
2.279208E+14	1.59500	0.03284
2.269788E+14	1.56481	0.03503
2.260391E+14	1.53487	0.03965
2.250964E+14	1.50766	0.04421
2.241535E+14	1.48073	0.04625
2.232132E+14	1.44673	0.05293
2.222703E+14	1.41781	0.06193
2.213301E+14	1.38208	0.07056
2.203875E+14	1.35120	0.08606
2.194452E+14	1.32074	0.09660
2.185033E+14	1.28139	0.10877
2.175620E+14	1.23998	0.12711
2.166187E+14	1.19454	0.14673
2.156787E+14	1.14262	0.17366
2.147370E+14	1.08870	0.20541
2.137938E+14	1.02780	0.24708
2.128516E+14	0.95837	0.30523
2.119105E+14	0.88392	0.38248
2.109683E+14	0.81120	0.49151
2.100274E+14	0.75234	0.63562
2.090855E+14	0.73075	0.81834
2.081429E+14	0.76507	1.02515
2.072019E+14	0.87774	1.22522
2.062603E+14	1.06304	1.36639
2.053183E+14	1.27203	1.42241
2.043760E+14	1.44726	1.39653
2.034335E+14	1.56570	1.33523
2.024931E+14	1.63423	1.27117
2.015506E+14	1.66525	1.22394
2.006083E+14	1.67685	1.19749
1.996663E+14	1.67411	1.19662
1.987247E+14	1.66977	1.21936
1.977836E+14	1.66894	1.26773
1.968411E+14	1.68203	1.34622
1.958994E+14	1.71827	1.44742
1.949587E+14	1.78882	1.58083
1.940169E+14	1.92562	1.74464
1.930742E+14	2.17446	1.91040
1.921329E+14	2.57854	1.98811
1.911910E+14	3.07068	1.81836
1.902486E+14	3.39136	1.36270
1.893079E+14	3.40390	0.87792
1.883652E+14	3.24153	0.55656
1.874224E+14	3.07230	0.37227
1.864817E+14	2.91817	0.26334
1.855394E+14	2.79222	0.19395
1.845975E+14	2.68430	0.14751
1.836562E+14	2.59718	0.11929
1.827138E+14	2.51767	0.09522
1.817723E+14	2.44855	0.08138
1.808300E+14	2.38954	0.07421
1.798888E+14	2.33744	0.06116
1.789472E+14	2.28578	0.05746
1.780053E+14	2.24072	0.05090
1.770632E+14	2.19307	0.05035
1.761212E+14	2.14887	0.04984
1.751794E+14	2.10802	0.04937
1.742379E+14	2.07036	0.05468
1.732954E+14	2.03023	0.05700
1.723535E+14	1.98762	0.06204
1.714125E+14	1.94819	0.06980
1.704708E+14	1.90632	0.08010
1.695288E+14	1.86480	0.09289
1.685866E+14	1.82065	0.11610
1.676443E+14	1.77408	0.14130
1.667037E+14	1.73236	0.18188
1.657619E+14	1.70556	0.23300
1.648191E+14	1.69701	0.27708
1.638770E+14	1.69433	0.30845
1.629358E+14	1.69811	0.32463
1.619941E+14	1.68838	0.31581
1.610523E+14	1.64291	0.29858
1.601105E+14	1.56744	0.30947
1.591688E+14	1.49358	0.34194
1.582262E+14	1.40608	0.37315
1.572855E+14	1.26957	0.42482
1.563430E+14	1.08906	0.55470
1.554014E+14	0.93080	0.81406
1.544597E+14	0.87906	1.14699
1.535181E+14	0.88395	1.48590
1.525755E+14	0.91598	1.96078
1.516335E+14	1.22744	2.66193
1.506921E+14	2.17664	3.24384
1.497505E+14	3.46500	2.98745
1.488088E+14	4.16340	1.99025
1.478661E+14	4.10415	1.07870
1.469250E+14	3.78509	0.56969
1.459833E+14	3.47421	0.32842
1.450413E+14	3.23280	0.21588
1.440993E+14	3.05320	0.16781
1.431575E+14	2.92216	0.15048
1.422160E+14	2.83738	0.14491
1.412742E+14	2.77411	0.12662
1.403322E+14	2.70823	0.10864
1.393904E+14	2.65274	0.09774
1.384488E+14	2.59776	0.09027
1.375069E+14	2.54649	0.08618
1.365648E+14	2.49246	0.08842
1.356228E+14	2.44507	0.10010
1.346812E+14	2.39780	0.12392
1.337393E+14	2.36824	0.17864
1.327974E+14	2.38508	0.21953
1.318557E+14	2.40648	0.22674
1.309137E+14	2.41610	0.22095
1.299715E+14	2.42218	0.22435
1.290305E+14	2.43494	0.21868
1.280882E+14	2.44526	0.19719
1.271466E+14	2.43660	0.17807
1.262044E+14	2.42412	0.17761
1.252628E+14	2.43636	0.18432
1.243211E+14	2.46868	0.15720
1.233790E+14	2.45760	0.10035
1.224375E+14	2.41429	0.07770
1.214953E+14	2.38640	0.07725
1.205537E+14	2.36482	0.07690
1.196121E+14	2.35544	0.08596
1.186702E+14	2.35555	0.07982
1.177282E+14	2.34032	0.07344
1.167866E+14	2.33120	0.07024
1.158443E+14	2.31905	0.06701
1.149030E+14	2.30992	0.06688
1.139611E+14	2.30085	0.06371
1.130189E+14	2.29180	0.06056
1.120774E+14	2.27974	0.05738
1.111351E+14	2.27370	0.05730
1.101937E+14	2.26169	0.05414
1.092517E+14	2.25268	0.05404
1.083100E+14	2.24368	0.05393
1.073679E+14	2.23466	0.05681
1.064264E+14	2.22570	0.05670
1.054847E+14	2.21676	0.05658
1.045428E+14	2.20780	0.05944
1.036009E+14	2.20478	0.06237
1.026591E+14	2.19588	0.06224
1.017173E+14	2.18992	0.06512
1.007753E+14	2.18400	0.06503
9.983366E+13	2.17805	0.06790
9.889181E+13	2.16915	0.07070
9.794972E+13	2.16322	0.07355
9.700793E+13	2.16022	0.07644
9.606644E+13	2.15435	0.07634
9.512431E+13	2.14837	0.08210
9.418258E+13	2.14544	0.08204
9.324085E+13	2.14251	0.08198
9.229876E+13	2.14251	0.08198
9.135691E+13	2.13682	0.07310
9.041542E+13	2.13107	0.06716
8.947358E+13	2.11658	0.06111
8.853161E+13	2.10210	0.05800
8.758970E+13	2.08478	0.05487
8.664809E+13	2.06461	0.05461
8.570623E+13	2.04740	0.05438
8.476441E+13	2.02457	0.05407
8.382253E+13	1.99052	0.05644
8.288057E+13	1.95942	0.06720
8.193886E+13	1.92304	0.07490
8.099707E+13	1.87574	0.09316
8.005523E+13	1.81480	0.12941
7.911344E+13	1.74500	0.19316
7.817149E+13	1.69479	0.30322
7.722985E+13	1.69016	0.44312
7.628776E+13	1.73694	0.58517
7.534606E+13	1.83559	0.70881
7.440411E+13	1.97786	0.78815
7.346248E+13	2.13070	0.81081
7.252066E+13	2.27434	0.78948
7.157873E+13	2.40213	0.72395
7.063685E+13	2.48572	0.62924
6.969518E+13	2.52351	0.52382
6.875318E+13	2.52872	0.43411
6.781140E+13	2.51464	0.36888
6.686966E+13	2.49252	0.31956
6.592787E+13	2.47550	0.28683
6.498600E+13	2.44530	0.26309
6.404408E+13	2.43625	0.25633
6.310243E+13	2.42827	0.22776
6.216056E+13	2.41326	0.21459
6.121874E+13	2.39801	0.20770
6.027685E+13	2.38589	0.20098
5.933508E+13	2.37675	0.19750
5.839313E+13	2.36763	0.19404
5.745135E+13	2.35814	0.19981
5.650960E+13	2.35494	0.20275
5.556773E+13	2.35481	0.20582
5.462583E+13	2.35454	0.21197
5.368410E+13	2.36362	0.21546
5.274222E+13	2.37890	0.21925
5.180047E+13	2.39491	0.20757
5.085864E+13	2.40163	0.19543
4.991683E+13	2.39890	0.18600
4.897499E+13	2.41178	0.17405
4.803310E+13	2.41542	0.15861
4.709129E+13	2.41591	0.14306
4.614949E+13	2.41021	0.12424
4.520760E+13	2.40438	0.10857
4.426580E+13	2.38916	0.09585
4.332395E+13	2.37686	0.09252
4.238220E+13	2.36768	0.08926
4.144038E+13	2.35544	0.08596
4.049853E+13	2.34612	0.09192
3.955672E+13	2.34600	0.09805
3.861485E+13	2.34300	0.09492
3.767303E+13	2.33675	0.10091
3.673117E+13	2.33974	0.10404
3.578937E+13	2.33968	0.10710
3.484752E+13	2.34267	0.11023
3.390570E+13	2.34893	0.10424