4.484885E+15	2.26488E+00	0.00000E+00
4.360305E+15	2.26060E+00	0.00000E+00
4.242458E+15	2.25664E+00	0.00000E+00
4.130815E+15	2.25299E+00	0.00000E+00
4.024897E+15	2.24964E+00	0.00000E+00
3.924274E+15	2.24657E+00	0.00000E+00
3.828560E+15	2.24374E+00	0.00000E+00
3.737404E+15	2.24114E+00	0.00000E+00
3.650488E+15	2.23875E+00	0.00000E+00
3.567522E+15	2.23653E+00	0.00000E+00
3.488244E+15	2.23448E+00	0.00000E+00
3.412412E+15	2.23258E+00	0.00000E+00
3.339808E+15	2.23080E+00	0.00000E+00
3.270228E+15	2.22914E+00	0.00000E+00
3.203489E+15	2.22758E+00	0.00000E+00
3.139419E+15	2.22612E+00	0.00000E+00
3.077862E+15	2.22475E+00	0.00000E+00
3.018672E+15	2.22345E+00	0.00000E+00
2.961716E+15	2.22222E+00	0.00000E+00
2.906870E+15	2.22106E+00	0.00000E+00
2.854018E+15	2.21996E+00	0.00000E+00
2.803053E+15	2.21892E+00	0.00000E+00
2.753877E+15	2.21792E+00	0.00000E+00
2.706396E+15	2.21698E+00	0.00000E+00
2.660525E+15	2.21607E+00	0.00000E+00
2.616183E+15	2.21521E+00	0.00000E+00
2.573294E+15	2.21439E+00	0.00000E+00
2.531790E+15	2.21360E+00	0.00000E+00
2.491603E+15	2.21285E+00	0.00000E+00
2.452671E+15	2.21213E+00	0.00000E+00
2.414938E+15	2.21143E+00	0.00000E+00
2.378348E+15	2.21077E+00	0.00000E+00
2.342850E+15	2.21014E+00	0.00000E+00
2.308397E+15	2.20952E+00	0.00000E+00
2.274942E+15	2.20894E+00	0.00000E+00
2.242442E+15	2.20837E+00	0.00000E+00
2.210859E+15	2.20783E+00	0.00000E+00
2.180152E+15	2.20731E+00	0.00000E+00
2.150287E+15	2.20681E+00	0.00000E+00
2.121229E+15	2.20633E+00	0.00000E+00
2.092946E+15	2.20586E+00	0.00000E+00
2.065407E+15	2.20541E+00	0.00000E+00
2.038584E+15	2.20498E+00	0.00000E+00
2.012448E+15	2.20456E+00	0.00000E+00
1.986974E+15	2.20416E+00	0.00000E+00
1.962137E+15	2.20377E+00	0.00000E+00
1.937913E+15	2.20340E+00	0.00000E+00
1.914280E+15	2.20304E+00	0.00000E+00
1.891216E+15	2.20269E+00	0.00000E+00
1.868702E+15	2.20235E+00	0.00000E+00
1.846717E+15	2.20202E+00	0.00000E+00
1.825244E+15	2.20171E+00	0.00000E+00
1.804264E+15	2.20140E+00	0.00000E+00
1.783761E+15	2.20110E+00	0.00000E+00
1.763719E+15	2.20082E+00	0.00000E+00
1.744122E+15	2.20054E+00	0.00000E+00
1.724956E+15	2.20027E+00	0.00000E+00
1.706206E+15	2.20001E+00	0.00000E+00
1.687860E+15	2.19975E+00	0.00000E+00
1.669904E+15	2.19950E+00	0.00000E+00
1.652326E+15	2.19926E+00	0.00000E+00
1.635114E+15	2.19903E+00	0.00000E+00
1.618257E+15	2.19880E+00	0.00000E+00
1.601745E+15	2.19858E+00	0.00000E+00
1.585565E+15	2.19836E+00	0.00000E+00
1.569710E+15	2.19815E+00	0.00000E+00
1.554168E+15	2.19794E+00	0.00000E+00
1.538931E+15	2.19774E+00	0.00000E+00
1.523990E+15	2.19754E+00	0.00000E+00
1.509336E+15	2.19735E+00	0.00000E+00
1.494962E+15	2.19715E+00	0.00000E+00
1.480858E+15	2.19697E+00	0.00000E+00
1.467018E+15	2.19678E+00	0.00000E+00
1.453435E+15	2.19660E+00	0.00000E+00
1.440101E+15	2.19642E+00	0.00000E+00
1.427009E+15	2.19625E+00	0.00000E+00
1.414153E+15	2.19607E+00	0.00000E+00
1.401526E+15	2.19590E+00	0.00000E+00
1.389124E+15	2.19573E+00	0.00000E+00
1.376938E+15	2.19556E+00	0.00000E+00
1.364965E+15	2.19539E+00	0.00000E+00
1.353198E+15	2.19522E+00	0.00000E+00
1.341632E+15	2.19506E+00	0.00000E+00
1.330262E+15	2.19489E+00	0.00000E+00
1.319084E+15	2.19472E+00	0.00000E+00
1.308091E+15	2.19456E+00	0.00000E+00
1.297281E+15	2.19439E+00	0.00000E+00
1.286647E+15	2.19423E+00	0.00000E+00
1.276187E+15	2.19406E+00	0.00000E+00
1.265895E+15	2.19390E+00	0.00000E+00
1.255768E+15	2.19373E+00	0.00000E+00
1.245801E+15	2.19356E+00	0.00000E+00
1.235992E+15	2.19339E+00	0.00000E+00
1.226336E+15	2.19322E+00	0.00000E+00
1.216829E+15	2.19305E+00	0.00000E+00
1.207469E+15	2.19288E+00	0.00000E+00
1.198252E+15	2.19270E+00	0.00000E+00
1.189174E+15	2.19253E+00	0.00000E+00
1.180233E+15	2.19235E+00	0.00000E+00
1.171425E+15	2.19216E+00	0.00000E+00
1.162748E+15	2.19198E+00	0.00000E+00
7.534606E+14	2.14916E+00	1.22909E-04
7.504588E+14	2.14916E+00	1.25959E-04
7.474808E+14	2.14916E+00	1.29096E-04
7.445263E+14	2.14916E+00	1.32350E-04
7.415951E+14	2.14916E+00	1.35693E-04
7.386869E+14	2.14916E+00	1.39182E-04
7.358014E+14	2.14916E+00	1.42818E-04
7.329384E+14	2.14916E+00	1.46571E-04
7.300975E+14	2.14622E+00	1.50368E-04
7.272786E+14	2.14622E+00	1.54440E-04
7.244814E+14	2.14622E+00	1.58660E-04
7.217056E+14	2.14622E+00	1.63055E-04
7.189510E+14	2.14622E+00	1.67655E-04
7.162173E+14	2.14622E+00	1.72460E-04
7.135044E+14	2.14622E+00	1.77470E-04
7.108119E+14	2.14622E+00	1.82744E-04
7.081397E+14	2.14622E+00	1.88282E-04
7.054875E+14	2.14622E+00	1.94083E-04
7.028551E+14	2.14622E+00	2.00207E-04
7.002422E+14	2.14622E+00	2.06682E-04
6.976487E+14	2.14622E+00	2.13538E-04
6.950744E+14	2.14622E+00	2.20834E-04
6.925190E+14	2.14622E+00	2.28628E-04
6.899823E+14	2.14330E+00	2.36817E-04
6.874641E+14	2.14330E+00	2.45806E-04
6.849642E+14	2.14330E+00	2.55585E-04
6.824825E+14	2.14330E+00	2.66302E-04
6.800186E+14	2.14330E+00	2.78131E-04
6.775725E+14	2.14330E+00	2.91395E-04
6.751439E+14	2.14330E+00	3.06562E-04
6.727327E+14	2.14330E+00	3.23837E-04
6.703386E+14	2.14330E+00	3.44918E-04
6.679615E+14	2.14330E+00	3.70392E-04
6.656013E+14	2.14330E+00	4.03186E-04
6.632576E+14	2.14037E+00	4.47385E-04
6.609304E+14	2.14037E+00	5.12343E-04
6.586194E+14	2.14037E+00	6.16508E-04
6.563246E+14	2.14037E+00	8.08454E-04
6.540457E+14	2.14037E+00	1.22980E-03
6.517825E+14	2.14037E+00	2.23927E-03
6.495350E+14	2.14037E+00	3.87402E-03
6.473029E+14	2.14037E+00	4.33341E-03
6.450862E+14	2.14330E+00	2.91804E-03
6.428845E+14	2.14330E+00	1.63529E-03
6.406978E+14	2.14037E+00	1.06653E-03
6.385260E+14	2.14037E+00	8.39469E-04
6.363688E+14	2.14037E+00	7.40278E-04
6.342261E+14	2.14037E+00	6.96388E-04
6.320978E+14	2.14037E+00	6.80002E-04
6.299838E+14	2.13744E+00	6.79538E-04
6.278839E+14	2.13744E+00	6.90356E-04
6.257979E+14	2.13744E+00	7.08778E-04
6.237257E+14	2.13744E+00	7.33339E-04
6.216672E+14	2.13744E+00	7.63456E-04
6.196222E+14	2.13452E+00	7.97998E-04
6.175907E+14	2.13452E+00	8.38030E-04
6.155724E+14	2.13452E+00	8.83613E-04
6.135673E+14	2.13452E+00	9.34456E-04
6.115752E+14	2.13452E+00	9.91727E-04
6.095960E+14	2.13160E+00	1.05500E-03
6.076295E+14	2.13160E+00	1.12654E-03
6.056757E+14	2.13160E+00	1.20684E-03
6.037345E+14	2.13160E+00	1.29706E-03
6.018056E+14	2.12868E+00	1.39801E-03
5.998890E+14	2.12868E+00	1.51357E-03
5.979846E+14	2.12868E+00	1.64546E-03
5.960923E+14	2.12868E+00	1.79661E-03
5.942119E+14	2.12576E+00	1.97005E-03
5.923433E+14	2.12576E+00	2.17329E-03
5.904864E+14	2.12285E+00	2.41075E-03
5.886411E+14	2.12285E+00	2.69458E-03
5.868073E+14	2.11993E+00	3.03430E-03
5.849850E+14	2.11993E+00	3.45072E-03
5.831739E+14	2.11702E+00	3.96633E-03
5.813739E+14	2.11411E+00	4.62081E-03
5.795851E+14	2.11121E+00	5.48072E-03
5.778072E+14	2.10830E+00	6.64435E-03
5.760402E+14	2.10539E+00	8.30552E-03
5.742840E+14	2.09959E+00	1.08356E-02
5.725385E+14	2.09378E+00	1.50575E-02
5.708035E+14	2.08507E+00	2.27574E-02
5.690790E+14	2.07632E+00	3.68896E-02
5.673649E+14	2.07895E+00	5.84010E-02
5.656611E+14	2.09307E+00	7.87747E-02
5.639675E+14	2.11911E+00	8.34579E-02
5.622840E+14	2.13686E+00	7.04684E-02
5.606106E+14	2.13418E+00	5.40570E-02
5.589471E+14	2.11087E+00	5.36738E-02
5.572934E+14	2.09851E+00	9.56340E-02
5.556494E+14	2.15310E+00	1.28920E-01
5.540152E+14	2.19540E+00	9.02834E-02
5.523905E+14	2.18995E+00	6.28408E-02
5.507753E+14	2.18707E+00	5.70894E-02
5.491696E+14	2.19011E+00	5.02016E-02
5.475731E+14	2.19021E+00	4.09960E-02
5.459860E+14	2.19028E+00	3.23232E-02
5.444080E+14	2.18737E+00	2.53175E-02
5.428391E+14	2.18444E+00	2.00033E-02
5.412792E+14	2.17855E+00	1.60382E-02
5.397282E+14	2.17561E+00	1.31541E-02
5.381862E+14	2.16971E+00	1.19401E-02
5.366529E+14	2.16676E+00	1.51410E-02
5.351283E+14	2.16969E+00	1.86158E-02
5.336123E+14	2.17561E+00	1.31747E-02
5.321050E+14	2.17267E+00	7.18133E-03
5.306061E+14	2.16973E+00	5.28512E-03
5.291156E+14	2.16678E+00	4.61619E-03
5.276335E+14	2.16384E+00	4.13351E-03
5.261597E+14	2.16384E+00	3.73046E-03
5.246940E+14	2.16090E+00	3.38688E-03
5.232365E+14	2.16090E+00	3.09582E-03
5.217871E+14	2.15796E+00	2.84281E-03
5.203457E+14	2.15796E+00	2.62481E-03
5.189123E+14	2.15796E+00	2.43413E-03
5.174867E+14	2.15502E+00	2.26542E-03
5.160689E+14	2.15502E+00	2.11774E-03
5.146589E+14	2.15502E+00	1.98679E-03
5.132566E+14	2.15209E+00	1.86896E-03
5.118618E+14	2.15209E+00	1.76451E-03
5.104747E+14	2.15209E+00	1.67091E-03
5.090950E+14	2.15209E+00	1.58641E-03
5.077228E+14	2.14916E+00	1.50910E-03
5.063579E+14	2.14916E+00	1.44020E-03
5.050004E+14	2.14916E+00	1.37745E-03
5.036502E+14	2.14916E+00	1.32028E-03
5.023071E+14	2.14916E+00	1.26809E-03
5.009712E+14	2.14916E+00	1.22030E-03
4.996423E+14	2.14622E+00	1.17581E-03
4.983205E+14	2.14622E+00	1.13567E-03
4.970057E+14	2.14622E+00	1.09846E-03
4.956978E+14	2.14622E+00	1.06447E-03
4.943967E+14	2.14622E+00	1.03312E-03
4.931025E+14	2.14622E+00	1.00411E-03
4.918150E+14	2.14330E+00	9.76488E-04
4.905343E+14	2.14330E+00	9.51600E-04
4.892601E+14	2.14330E+00	9.28762E-04
4.879926E+14	2.14330E+00	9.07387E-04
4.867317E+14	2.14330E+00	8.87477E-04
4.854772E+14	2.14330E+00	8.69323E-04
4.842292E+14	2.14330E+00	8.52341E-04
4.829876E+14	2.14037E+00	8.35666E-04
4.817523E+14	2.14037E+00	8.21036E-04
4.805234E+14	2.14037E+00	8.07576E-04
4.793007E+14	2.14037E+00	7.94702E-04
4.780842E+14	2.14037E+00	7.82998E-04
4.768738E+14	2.14037E+00	7.72171E-04
4.756696E+14	2.14037E+00	7.61930E-04
4.744714E+14	2.13744E+00	7.52053E-04
4.732793E+14	2.13744E+00	7.43281E-04
4.720931E+14	2.13744E+00	7.35386E-04
4.709129E+14	2.13744E+00	7.27784E-04
4.697385E+14	2.13744E+00	7.21058E-04
4.685700E+14	2.13744E+00	7.14626E-04
4.674073E+14	2.13744E+00	7.09070E-04
4.662504E+14	2.13744E+00	7.03807E-04
4.650992E+14	2.13452E+00	6.98358E-04
4.639536E+14	2.13452E+00	6.93975E-04
4.628137E+14	2.13452E+00	6.90176E-04
4.616793E+14	2.13452E+00	6.86670E-04
4.605505E+14	2.13452E+00	6.83456E-04
4.594272E+14	2.13452E+00	6.80534E-04
4.583094E+14	2.13452E+00	6.78196E-04
4.571970E+14	2.13452E+00	6.76151E-04
4.560900E+14	2.13160E+00	6.73936E-04
4.549883E+14	2.13160E+00	6.72476E-04
4.538919E+14	2.13160E+00	6.71308E-04
4.528009E+14	2.13160E+00	6.70432E-04
4.517150E+14	2.13160E+00	6.69848E-04
4.506343E+14	2.13160E+00	6.69556E-04
4.495588E+14	2.13160E+00	6.69556E-04
4.484885E+14	2.13160E+00	6.69848E-04
4.474232E+14	2.12868E+00	6.69681E-04
4.463629E+14	2.12868E+00	6.70556E-04
4.453077E+14	2.12868E+00	6.71432E-04
4.442574E+14	2.12868E+00	6.72599E-04
4.432121E+14	2.12868E+00	6.74058E-04
4.421717E+14	2.12868E+00	6.75517E-04
4.411362E+14	2.12868E+00	6.77268E-04
4.401055E+14	2.12868E+00	6.79310E-04
4.390796E+14	2.12576E+00	6.81178E-04
4.380585E+14	2.12576E+00	6.83510E-04
4.370421E+14	2.12576E+00	6.86135E-04
4.360305E+14	2.12576E+00	6.89051E-04
4.350235E+14	2.12576E+00	6.92258E-04
4.340211E+14	2.12576E+00	6.95466E-04
4.330233E+14	2.12576E+00	6.98674E-04
4.320302E+14	2.12576E+00	7.02464E-04
4.310415E+14	2.12285E+00	7.05771E-04
4.300574E+14	2.12285E+00	7.09850E-04
4.290778E+14	2.12285E+00	7.13930E-04
4.281026E+14	2.12285E+00	7.18301E-04
4.271319E+14	2.12285E+00	7.22672E-04
4.261655E+14	2.12285E+00	7.27626E-04
4.252035E+14	2.12285E+00	7.32580E-04
4.242458E+14	2.11994E+00	7.37027E-04
4.232925E+14	2.11994E+00	7.42269E-04
4.223434E+14	2.11994E+00	7.47802E-04
4.213986E+14	2.11994E+00	7.53626E-04
4.204579E+14	2.11994E+00	7.59450E-04
4.195215E+14	2.11994E+00	7.65274E-04
4.185892E+14	2.11702E+00	7.71150E-04
4.176611E+14	2.11702E+00	7.77552E-04
4.167371E+14	2.11702E+00	7.84245E-04
4.158171E+14	2.11702E+00	7.90938E-04
4.149012E+14	2.11702E+00	7.97922E-04
4.139894E+14	2.11702E+00	8.05197E-04
4.130815E+14	2.11702E+00	8.12763E-04
4.121776E+14	2.11412E+00	8.19765E-04
4.112776E+14	2.11412E+00	8.27617E-04
4.103816E+14	2.11412E+00	8.35759E-04
4.094895E+14	2.11412E+00	8.43902E-04
4.086012E+14	2.11412E+00	8.52626E-04
4.077168E+14	2.11412E+00	8.61350E-04
4.068362E+14	2.11121E+00	8.69475E-04
4.059594E+14	2.11121E+00	8.78774E-04
4.050864E+14	2.11121E+00	8.88364E-04
4.042171E+14	2.11121E+00	8.97954E-04
4.033515E+14	2.11121E+00	9.07834E-04
4.024897E+14	2.10830E+00	9.17374E-04
4.016315E+14	2.10830E+00	9.27828E-04
4.007769E+14	2.10830E+00	9.38573E-04
3.999260E+14	2.10830E+00	9.49608E-04
3.990787E+14	2.10830E+00	9.60934E-04
3.982350E+14	2.10830E+00	9.72550E-04
3.973948E+14	2.10540E+00	9.83778E-04
3.965582E+14	2.10540E+00	9.95966E-04
3.957251E+14	2.10540E+00	1.00845E-03
3.948955E+14	2.10540E+00	1.02121E-03
3.940694E+14	2.10250E+00	1.03356E-03
3.932467E+14	2.10250E+00	1.04719E-03
3.924274E+14	2.10250E+00	1.06111E-03
3.916116E+14	2.10250E+00	1.07532E-03
3.907991E+14	2.10250E+00	1.08982E-03
3.899900E+14	2.09960E+00	1.10414E-03
3.891842E+14	2.09960E+00	1.11950E-03
3.883818E+14	2.09960E+00	1.13544E-03
3.875826E+14	2.09960E+00	1.15167E-03
3.867868E+14	2.09670E+00	1.16767E-03
3.859942E+14	2.09670E+00	1.18475E-03
3.852048E+14	2.09670E+00	1.20242E-03
3.844187E+14	2.09670E+00	1.22066E-03
3.836358E+14	2.09381E+00	1.23834E-03
3.828560E+14	2.09381E+00	1.25744E-03
3.820794E+14	2.09381E+00	1.27741E-03
3.813060E+14	2.09381E+00	1.29767E-03
3.805357E+14	2.09092E+00	1.31788E-03
3.797685E+14	2.09092E+00	1.33957E-03
3.790043E+14	2.09092E+00	1.36184E-03
3.782433E+14	2.09092E+00	1.38469E-03
3.774853E+14	2.08802E+00	1.40743E-03
3.767303E+14	2.08802E+00	1.43200E-03
3.759784E+14	2.08802E+00	1.45743E-03
3.752294E+14	2.08514E+00	1.48241E-03
3.744834E+14	2.08514E+00	1.50927E-03
3.737404E+14	2.08514E+00	1.53728E-03
3.730003E+14	2.08225E+00	1.56508E-03
3.722632E+14	2.08225E+00	1.59509E-03
3.715289E+14	2.08225E+00	1.62597E-03
3.707976E+14	2.07936E+00	1.65686E-03
3.700691E+14	2.07936E+00	1.69002E-03
3.693434E+14	2.07936E+00	1.72463E-03
3.686207E+14	2.07648E+00	1.75917E-03
3.679007E+14	2.07648E+00	1.79635E-03
3.671835E+14	2.07360E+00	1.83398E-03
3.664692E+14	2.07360E+00	1.87402E-03
3.657576E+14	2.07360E+00	1.91606E-03
3.650488E+14	2.07072E+00	1.95848E-03
3.643427E+14	2.07072E+00	2.00395E-03
3.636393E+14	2.06784E+00	2.05001E-03
3.629386E+14	2.06784E+00	2.09977E-03
3.622407E+14	2.06497E+00	2.15004E-03
3.615454E+14	2.06497E+00	2.20465E-03
3.608528E+14	2.06210E+00	2.25998E-03
3.601628E+14	2.06210E+00	2.31971E-03
3.594755E+14	2.05922E+00	2.38067E-03
3.587908E+14	2.05922E+00	2.44639E-03
3.581087E+14	2.05636E+00	2.51409E-03
3.574291E+14	2.05349E+00	2.58542E-03
3.567522E+14	2.05349E+00	2.66223E-03
3.560778E+14	2.05062E+00	2.74171E-03
3.554060E+14	2.05062E+00	2.82791E-03
3.547366E+14	2.04776E+00	2.91638E-03
3.540698E+14	2.04490E+00	3.01158E-03
3.534055E+14	2.04204E+00	3.11236E-03
3.527437E+14	2.04204E+00	3.22097E-03
3.520844E+14	2.03918E+00	3.33581E-03
3.514275E+14	2.03633E+00	3.45619E-03
3.507731E+14	2.03347E+00	3.58782E-03
3.501211E+14	2.03062E+00	3.72780E-03
3.494715E+14	2.02777E+00	3.87898E-03
3.488244E+14	2.02493E+00	4.04132E-03
3.481796E+14	2.02208E+00	4.21481E-03
3.475372E+14	2.01924E+00	4.40510E-03
3.468972E+14	2.01640E+00	4.60932E-03
3.462595E+14	2.01356E+00	4.83311E-03
3.456241E+14	2.01072E+00	5.07928E-03
3.449911E+14	2.00505E+00	5.34115E-03
3.443604E+14	2.00222E+00	5.63453E-03
3.437320E+14	1.99656E+00	5.95438E-03
3.431059E+14	1.99374E+00	6.31164E-03
3.424821E+14	1.98809E+00	6.70314E-03
3.418605E+14	1.98246E+00	7.14138E-03
3.412412E+14	1.97683E+00	7.62896E-03
3.406242E+14	1.97121E+00	8.18251E-03
3.400093E+14	1.96559E+00	8.80736E-03
3.393967E+14	1.95719E+00	9.51320E-03
3.387863E+14	1.94880E+00	1.03192E-02
3.381780E+14	1.94043E+00	1.12554E-02
3.375720E+14	1.93208E+00	1.23404E-02
3.369681E+14	1.92097E+00	1.36077E-02
3.363664E+14	1.90989E+00	1.51136E-02
3.357668E+14	1.89609E+00	1.69041E-02
3.351693E+14	1.88234E+00	1.90845E-02
3.345740E+14	1.86589E+00	2.17576E-02
3.339808E+14	1.84680E+00	2.51034E-02
3.333897E+14	1.82508E+00	2.93707E-02
3.328006E+14	1.80079E+00	3.49994E-02
3.322137E+14	1.76864E+00	4.26132E-02
3.316288E+14	1.73144E+00	5.35086E-02
3.310460E+14	1.68668E+00	6.99901E-02
3.304652E+14	1.62674E+00	9.67208E-02
3.298864E+14	1.55424E+00	1.42621E-01
3.293097E+14	1.46786E+00	2.22272E-01
3.287350E+14	1.38187E+00	3.54315E-01
3.281623E+14	1.33260E+00	5.52953E-01
3.275916E+14	1.36061E+00	8.07373E-01
3.270228E+14	1.51156E+00	1.07158E+00
3.264561E+14	1.79178E+00	1.26911E+00
3.258913E+14	2.14582E+00	1.32844E+00
3.253284E+14	2.48430E+00	1.22742E+00
3.247675E+14	2.73240E+00	1.00800E+00
3.242085E+14	2.84902E+00	7.44114E-01
3.236515E+14	2.85422E+00	5.05408E-01
3.230963E+14	2.79279E+00	3.26129E-01
3.225431E+14	2.71190E+00	2.08505E-01
3.219917E+14	2.62909E+00	1.37286E-01
3.214422E+14	2.56231E+00	9.56437E-02
3.208946E+14	2.50539E+00	7.07601E-02
3.203489E+14	2.46145E+00	5.51660E-02
3.198050E+14	2.42404E+00	4.46859E-02
3.192630E+14	2.39616E+00	3.72758E-02
3.187228E+14	2.37149E+00	3.17856E-02
3.181844E+14	2.35001E+00	2.75879E-02
3.176478E+14	2.33167E+00	2.42915E-02
3.171131E+14	2.31643E+00	2.16581E-02
3.165801E+14	2.30125E+00	1.95117E-02
3.160489E+14	2.28913E+00	1.77445E-02
3.155195E+14	2.27705E+00	1.62700E-02
3.149919E+14	2.26801E+00	1.50329E-02
3.144660E+14	2.25899E+00	1.39809E-02
3.139419E+14	2.24998E+00	1.30830E-02
3.134196E+14	2.24099E+00	1.23053E-02
3.128989E+14	2.23501E+00	1.16431E-02
3.123800E+14	2.22605E+00	1.10557E-02
3.118628E+14	2.22009E+00	1.05552E-02
3.113474E+14	2.21413E+00	1.01154E-02
3.108336E+14	2.20819E+00	9.72736E-03
3.103215E+14	2.20521E+00	9.39708E-03
3.098111E+14	2.19928E+00	9.09969E-03
3.093024E+14	2.19335E+00	8.83861E-03
3.087953E+14	2.19039E+00	8.61656E-03
3.082899E+14	2.18448E+00	8.41869E-03
3.077862E+14	2.18152E+00	8.24757E-03
3.072841E+14	2.17857E+00	8.10324E-03
3.067836E+14	2.17267E+00	7.97434E-03
3.062848E+14	2.16972E+00	7.86877E-03
3.057876E+14	2.16678E+00	7.78099E-03
3.052920E+14	2.16383E+00	7.70804E-03
3.047980E+14	2.15795E+00	7.64761E-03
3.043056E+14	2.15502E+00	7.60424E-03
3.038148E+14	2.15208E+00	7.57559E-03
3.033255E+14	2.14915E+00	7.55870E-03
3.028379E+14	2.14622E+00	7.55354E-03
3.023518E+14	2.14329E+00	7.56010E-03
3.018672E+14	2.14036E+00	7.57541E-03
3.013843E+14	2.13744E+00	7.60532E-03
3.009028E+14	2.13451E+00	7.64395E-03
3.004229E+14	2.13159E+00	7.69128E-03
2.999445E+14	2.12867E+00	7.75021E-03
2.994677E+14	2.12576E+00	7.82071E-03
2.989923E+14	2.12284E+00	7.89985E-03
2.985185E+14	2.12284E+00	7.99602E-03
2.980461E+14	2.11993E+00	8.09536E-03
2.975753E+14	2.11702E+00	8.20620E-03
2.971059E+14	2.11411E+00	8.32851E-03
2.966380E+14	2.11120E+00	8.46227E-03
2.961716E+14	2.10830E+00	8.60746E-03
2.957067E+14	2.10539E+00	8.76694E-03
2.952432E+14	2.10249E+00	8.93780E-03
2.947812E+14	2.09959E+00	9.12290E-03
2.943206E+14	2.09669E+00	9.32222E-03
2.938614E+14	2.09380E+00	9.53573E-03
2.934037E+14	2.09090E+00	9.76628E-03
2.929474E+14	2.08801E+00	1.00167E-02
2.924925E+14	2.08512E+00	1.02842E-02
2.920390E+14	2.08224E+00	1.05714E-02
2.915869E+14	2.07935E+00	1.08813E-02
2.911363E+14	2.07647E+00	1.12167E-02
2.906870E+14	2.07358E+00	1.15776E-02
2.902391E+14	2.07070E+00	1.19696E-02
2.897925E+14	2.06495E+00	1.23869E-02
2.893474E+14	2.06208E+00	1.28465E-02
2.889036E+14	2.05920E+00	1.33484E-02
2.884612E+14	2.05633E+00	1.38955E-02
2.880201E+14	2.05060E+00	1.44861E-02
2.875804E+14	2.04773E+00	1.51486E-02
2.871420E+14	2.04201E+00	1.58705E-02
2.867050E+14	2.03629E+00	1.66788E-02
2.862692E+14	2.03344E+00	1.76025E-02
2.858348E+14	2.02773E+00	1.86516E-02
2.854018E+14	2.02204E+00	1.98881E-02
2.849700E+14	2.01350E+00	2.13843E-02
2.845395E+14	2.00782E+00	2.33153E-02
2.841103E+14	1.99931E+00	2.58988E-02
2.836825E+14	1.98799E+00	2.95254E-02
2.832559E+14	1.97668E+00	3.47844E-02
2.828306E+14	1.96538E+00	4.24245E-02
2.824065E+14	1.95404E+00	5.32358E-02
2.819838E+14	1.94264E+00	6.78599E-02
2.815623E+14	1.93391E+00	8.65202E-02
2.811420E+14	1.93057E+00	1.08615E-01
2.807230E+14	1.93261E+00	1.32590E-01
2.803053E+14	1.94011E+00	1.55877E-01
2.798888E+14	1.95606E+00	1.75756E-01
2.794735E+14	1.97512E+00	1.89438E-01
2.790595E+14	1.99745E+00	1.95553E-01
2.786467E+14	2.01743E+00	1.93989E-01
2.782351E+14	2.03207E+00	1.86338E-01
2.778247E+14	2.04114E+00	1.75432E-01
2.774155E+14	2.04160E+00	1.64250E-01
2.770076E+14	2.03621E+00	1.55852E-01
2.766008E+14	2.02777E+00	1.52390E-01
2.761952E+14	2.01627E+00	1.54946E-01
2.757909E+14	2.00454E+00	1.63890E-01
2.753877E+14	1.99823E+00	1.78799E-01
2.749856E+14	1.99448E+00	1.98243E-01
2.745848E+14	1.99901E+00	2.20160E-01
2.741851E+14	2.01202E+00	2.41428E-01
2.737866E+14	2.03101E+00	2.58240E-01
2.733892E+14	2.05630E+00	2.67656E-01
2.729930E+14	2.07940E+00	2.68365E-01
2.725979E+14	2.09720E+00	2.62863E-01
2.722040E+14	2.10634E+00	2.56427E-01
2.718112E+14	2.11226E+00	2.55179E-01
2.714195E+14	2.12062E+00	2.62007E-01
2.710290E+14	2.13750E+00	2.73633E-01
2.706396E+14	2.16654E+00	2.81253E-01
2.702513E+14	2.20559E+00	2.75280E-01
2.698641E+14	2.24300E+00	2.51070E-01
2.694780E+14	2.26911E+00	2.12387E-01
2.690931E+14	2.27698E+00	1.68667E-01
2.687092E+14	2.26921E+00	1.29421E-01
2.683264E+14	2.25189E+00	9.99066E-02
2.679447E+14	2.23131E+00	8.05864E-02
2.675641E+14	2.21063E+00	6.89373E-02
2.671846E+14	2.19588E+00	6.21551E-02
2.668062E+14	2.18114E+00	5.79279E-02
2.664288E+14	2.16643E+00	5.51117E-02
2.660525E+14	2.15470E+00	5.31710E-02
2.656772E+14	2.14591E+00	5.19782E-02
2.653030E+14	2.13421E+00	5.16025E-02
2.649299E+14	2.12253E+00	5.23063E-02
2.645578E+14	2.11376E+00	5.45541E-02
2.641868E+14	2.10209E+00	5.87540E-02
2.638167E+14	2.09330E+00	6.53755E-02
2.634478E+14	2.08447E+00	7.44815E-02
2.630798E+14	2.08137E+00	8.57431E-02
2.627129E+14	2.07821E+00	9.79695E-02
2.623470E+14	2.08369E+00	1.09744E-01
2.619821E+14	2.09212E+00	1.19030E-01
2.616183E+14	2.10067E+00	1.24207E-01
2.612554E+14	2.11228E+00	1.24608E-01
2.608936E+14	2.12406E+00	1.20372E-01
2.605327E+14	2.13012E+00	1.12449E-01
2.601729E+14	2.13621E+00	1.02691E-01
2.598140E+14	2.13644E+00	9.26908E-02
2.594561E+14	2.13370E+00	8.38030E-02
2.590993E+14	2.12799E+00	7.67726E-02
2.587433E+14	2.12224E+00	7.18010E-02
2.583884E+14	2.11647E+00	6.85887E-02
2.580345E+14	2.11068E+00	6.67218E-02
2.576815E+14	2.10779E+00	6.57175E-02
2.573294E+14	2.10490E+00	6.51209E-02
2.569784E+14	2.09910E+00	6.45964E-02
2.566283E+14	2.09621E+00	6.40885E-02
2.562791E+14	2.09333E+00	6.34654E-02
2.559309E+14	2.09045E+00	6.26696E-02
2.555837E+14	2.08757E+00	6.17304E-02
2.552373E+14	2.08758E+00	6.07189E-02
2.548920E+14	2.08471E+00	5.95506E-02
2.545475E+14	2.08184E+00	5.83549E-02
2.542040E+14	2.07609E+00	5.70924E-02
2.538614E+14	2.07322E+00	5.58720E-02
2.535197E+14	2.07036E+00	5.47108E-02
2.531790E+14	2.06750E+00	5.35799E-02
2.528391E+14	2.06176E+00	5.25002E-02
2.525002E+14	2.05890E+00	5.15452E-02
2.521622E+14	2.05604E+00	5.07062E-02
2.518251E+14	2.05032E+00	4.99482E-02
2.514889E+14	2.04460E+00	4.93064E-02
2.511535E+14	2.04175E+00	4.88146E-02
2.508191E+14	2.03604E+00	4.84324E-02
2.504856E+14	2.03034E+00	4.81650E-02
2.501529E+14	2.02749E+00	4.81027E-02
2.498212E+14	2.02180E+00	4.81205E-02
2.494903E+14	2.01611E+00	4.83084E-02
2.491603E+14	2.01043E+00	4.86374E-02
2.488311E+14	2.00475E+00	4.91635E-02
2.485028E+14	1.99909E+00	4.98294E-02
2.481754E+14	1.99342E+00	5.06908E-02
2.478489E+14	1.98776E+00	5.17470E-02
2.475232E+14	1.97929E+00	5.29595E-02
2.471984E+14	1.97365E+00	5.44859E-02
2.468744E+14	1.96520E+00	5.61922E-02
2.465513E+14	1.95957E+00	5.82400E-02
2.462290E+14	1.95114E+00	6.05460E-02
2.459075E+14	1.94272E+00	6.32040E-02
2.455869E+14	1.93710E+00	6.63427E-02
2.452671E+14	1.92869E+00	6.98945E-02
2.449482E+14	1.91751E+00	7.39036E-02
2.446301E+14	1.90912E+00	7.85805E-02
2.443128E+14	1.90071E+00	8.39811E-02
2.439963E+14	1.88955E+00	9.01725E-02
2.436807E+14	1.88112E+00	9.73846E-02
2.433658E+14	1.86993E+00	1.05692E-01
2.430518E+14	1.85871E+00	1.15340E-01
2.427386E+14	1.84743E+00	1.26562E-01
2.424262E+14	1.83880E+00	1.39717E-01
2.421146E+14	1.82733E+00	1.54864E-01
2.418038E+14	1.81842E+00	1.72449E-01
2.414938E+14	1.80930E+00	1.92567E-01
2.411846E+14	1.80531E+00	2.15468E-01
2.408762E+14	1.80372E+00	2.40746E-01
2.405685E+14	1.80724E+00	2.67794E-01
2.402617E+14	1.81598E+00	2.95277E-01
2.399556E+14	1.83022E+00	3.20760E-01
2.396503E+14	1.85031E+00	3.41773E-01
2.393458E+14	1.87666E+00	3.55834E-01
2.390421E+14	1.90399E+00	3.61469E-01
2.387391E+14	1.92951E+00	3.58515E-01
2.384369E+14	1.94730E+00	3.48849E-01
2.381355E+14	1.95974E+00	3.35795E-01
2.378348E+14	1.96370E+00	3.22255E-01
2.375349E+14	1.96175E+00	3.11348E-01
2.372357E+14	1.95379E+00	3.04795E-01
2.369373E+14	1.94261E+00	3.03646E-01
2.366396E+14	1.93379E+00	3.08574E-01
2.363427E+14	1.92455E+00	3.18768E-01
2.360466E+14	1.91770E+00	3.33600E-01
2.357511E+14	1.91327E+00	3.51973E-01
2.354564E+14	1.91693E+00	3.72788E-01
2.351625E+14	1.92327E+00	3.93944E-01
2.348693E+14	1.93813E+00	4.14120E-01
2.345768E+14	1.95615E+00	4.31386E-01
2.342850E+14	1.98038E+00	4.44907E-01
2.339940E+14	2.00826E+00	4.52898E-01
2.337037E+14	2.03704E+00	4.54638E-01
2.334141E+14	2.06378E+00	4.49973E-01
2.331252E+14	2.09132E+00	4.39108E-01
2.328370E+14	2.11361E+00	4.22521E-01
2.325496E+14	2.13340E+00	4.01078E-01
2.322628E+14	2.14751E+00	3.75988E-01
2.319768E+14	2.15571E+00	3.48806E-01
2.316915E+14	2.15789E+00	3.20525E-01
2.314068E+14	2.15392E+00	2.93023E-01
2.311229E+14	2.14674E+00	2.67176E-01
2.308397E+14	2.13050E+00	2.43715E-01
2.305571E+14	2.11403E+00	2.23787E-01
2.302753E+14	2.09157E+00	2.07585E-01
2.299941E+14	2.06611E+00	1.95531E-01
2.297136E+14	2.04058E+00	1.87873E-01
2.294338E+14	2.01218E+00	1.84458E-01
2.291547E+14	1.98378E+00	1.85415E-01
2.288763E+14	1.95536E+00	1.90680E-01
2.285985E+14	1.92691E+00	2.00216E-01
2.283214E+14	1.89839E+00	2.13955E-01
2.280450E+14	1.87248E+00	2.32055E-01
2.277692E+14	1.84906E+00	2.54445E-01
2.274942E+14	1.82800E+00	2.80963E-01
2.272197E+14	1.80918E+00	3.11580E-01
2.269460E+14	1.79523E+00	3.45653E-01
2.266729E+14	1.78334E+00	3.82755E-01
2.264004E+14	1.78162E+00	4.22554E-01
2.261286E+14	1.78213E+00	4.63024E-01
2.258575E+14	1.79049E+00	5.03383E-01
2.255870E+14	1.80704E+00	5.42513E-01
2.253172E+14	1.82951E+00	5.78539E-01
2.250480E+14	1.85836E+00	6.10126E-01
2.247794E+14	1.88842E+00	6.35487E-01
2.245115E+14	1.92550E+00	6.54818E-01
2.242442E+14	1.96136E+00	6.66264E-01
2.239776E+14	1.99873E+00	6.70644E-01
2.237116E+14	2.03457E+00	6.68168E-01
2.234462E+14	2.06568E+00	6.59406E-01
2.231815E+14	2.09170E+00	6.45476E-01
2.229173E+14	2.11229E+00	6.27851E-01
2.226538E+14	2.12414E+00	6.07936E-01
2.223910E+14	2.13288E+00	5.88126E-01
2.221287E+14	2.13240E+00	5.69167E-01
2.218671E+14	2.12857E+00	5.52508E-01
2.216061E+14	2.12124E+00	5.39637E-01
2.213457E+14	2.10746E+00	5.30776E-01
2.210859E+14	2.09016E+00	5.26851E-01
2.208267E+14	2.07224E+00	5.28454E-01
2.205681E+14	2.05365E+00	5.35806E-01
2.203101E+14	2.03432E+00	5.49122E-01
2.200528E+14	2.01425E+00	5.67755E-01
2.197960E+14	1.99907E+00	5.92463E-01
2.195398E+14	1.98578E+00	6.22877E-01
2.192842E+14	1.97722E+00	6.58635E-01
2.190293E+14	1.97340E+00	6.99025E-01
2.187749E+14	1.97434E+00	7.43652E-01
2.185211E+14	1.98598E+00	7.92385E-01
2.182679E+14	2.00305E+00	8.42435E-01
2.180152E+14	2.03182E+00	8.93754E-01
2.177632E+14	2.07021E+00	9.43655E-01
2.175117E+14	2.11929E+00	9.89262E-01
2.172608E+14	2.17687E+00	1.02831E+00
2.170105E+14	2.24376E+00	1.05869E+00
2.167608E+14	2.32068E+00	1.07840E+00
2.165117E+14	2.39850E+00	1.08451E+00
2.162631E+14	2.47679E+00	1.07739E+00
2.160151E+14	2.55173E+00	1.05722E+00
2.157676E+14	2.62248E+00	1.02568E+00
2.155208E+14	2.68479E+00	9.84681E-01
2.152745E+14	2.73779E+00	9.36660E-01
2.150287E+14	2.78080E+00	8.83837E-01
2.147835E+14	2.81664E+00	8.29344E-01
2.145389E+14	2.84160E+00	7.74295E-01
2.142948E+14	2.85897E+00	7.20110E-01
2.140513E+14	2.87202E+00	6.68752E-01
2.138084E+14	2.87746E+00	6.19619E-01
2.135659E+14	2.87873E+00	5.73562E-01
2.133241E+14	2.87590E+00	5.30995E-01
2.130828E+14	2.86909E+00	4.91640E-01
2.128420E+14	2.86177E+00	4.55814E-01
2.126018E+14	2.85065E+00	4.22911E-01
2.123621E+14	2.84257E+00	3.93094E-01
2.121229E+14	2.83085E+00	3.65525E-01
2.118843E+14	2.81886E+00	3.40773E-01
2.116462E+14	2.80670E+00	3.18082E-01
2.114087E+14	2.79104E+00	2.97192E-01
2.111717E+14	2.77861E+00	2.78289E-01
2.109352E+14	2.76608E+00	2.61039E-01
2.106993E+14	2.75347E+00	2.45230E-01
2.104639E+14	2.74080E+00	2.30721E-01
2.102290E+14	2.73139E+00	2.17534E-01
2.099946E+14	2.71863E+00	2.05293E-01
2.097608E+14	2.70584E+00	1.94030E-01
2.095274E+14	2.69632E+00	1.83720E-01
2.092946E+14	2.68350E+00	1.74095E-01
2.090623E+14	2.67394E+00	1.65301E-01
2.088306E+14	2.66437E+00	1.57127E-01
2.085993E+14	2.65154E+00	1.49477E-01
2.083685E+14	2.64196E+00	1.42405E-01
2.081383E+14	2.63238E+00	1.35878E-01
2.079086E+14	2.62280E+00	1.29762E-01
2.076793E+14	2.61322E+00	1.24056E-01
2.074506E+14	2.60687E+00	1.18799E-01
2.072224E+14	2.59730E+00	1.13839E-01
2.069947E+14	2.58773E+00	1.09187E-01
2.067675E+14	2.57817E+00	1.04872E-01
2.065407E+14	2.57183E+00	1.00924E-01
2.063145E+14	2.56228E+00	9.72447E-02
2.060888E+14	2.55594E+00	9.38933E-02
2.058636E+14	2.54641E+00	9.08443E-02
2.056388E+14	2.53688E+00	8.81248E-02
2.054146E+14	2.53055E+00	8.58504E-02
2.051908E+14	2.52104E+00	8.39734E-02
2.049675E+14	2.51472E+00	8.25989E-02
2.047447E+14	2.50522E+00	8.17145E-02
2.045224E+14	2.49890E+00	8.14531E-02
2.043006E+14	2.48941E+00	8.17720E-02
2.040793E+14	2.48309E+00	8.28346E-02
2.038584E+14	2.47675E+00	8.45868E-02
2.036380E+14	2.46727E+00	8.69706E-02
2.034181E+14	2.46408E+00	9.01180E-02
2.031987E+14	2.45773E+00	9.37664E-02
2.029797E+14	2.45451E+00	9.79688E-02
2.027612E+14	2.44815E+00	1.02414E-01
2.025432E+14	2.44805E+00	1.07109E-01
2.023256E+14	2.44795E+00	1.11741E-01
2.021085E+14	2.44785E+00	1.16029E-01
2.018919E+14	2.44776E+00	1.19785E-01
2.016758E+14	2.45082E+00	1.22837E-01
2.014601E+14	2.45390E+00	1.24953E-01
2.012448E+14	2.45701E+00	1.25973E-01
2.010300E+14	2.46015E+00	1.25771E-01
2.008157E+14	2.46647E+00	1.24423E-01
2.006019E+14	2.46968E+00	1.21767E-01
2.003885E+14	2.47292E+00	1.18006E-01
2.001755E+14	2.47618E+00	1.13265E-01
1.999630E+14	2.47946E+00	1.07699E-01
1.997510E+14	2.47959E+00	1.01462E-01
1.995394E+14	2.47972E+00	9.48150E-02
1.993282E+14	2.47984E+00	8.80110E-02
1.991175E+14	2.47996E+00	8.12070E-02
1.989072E+14	2.47692E+00	7.45446E-02
1.986974E+14	2.47386E+00	6.82053E-02
1.984880E+14	2.47079E+00	6.23455E-02
1.982791E+14	2.46457E+00	5.69282E-02
1.980706E+14	2.46148E+00	5.21536E-02
1.978626E+14	2.45526E+00	4.78875E-02
1.976549E+14	2.44903E+00	4.41956E-02
1.974478E+14	2.44592E+00	4.10394E-02
1.972410E+14	2.43969E+00	3.83627E-02
1.970347E+14	2.43347E+00	3.60984E-02
1.968288E+14	2.43036E+00	3.42045E-02
1.966233E+14	2.42414E+00	3.26347E-02
1.964183E+14	2.41792E+00	3.13177E-02
1.962137E+14	2.41482E+00	3.02222E-02
1.960095E+14	2.41172E+00	2.93020E-02
1.958058E+14	2.40552E+00	2.84981E-02
1.956024E+14	2.40242E+00	2.78194E-02
1.953995E+14	2.39623E+00	2.72046E-02
1.951971E+14	2.39313E+00	2.66703E-02
1.949950E+14	2.39004E+00	2.61831E-02
1.947933E+14	2.38696E+00	2.57366E-02
1.945921E+14	2.38078E+00	2.53021E-02
1.943913E+14	2.37770E+00	2.49095E-02
1.941909E+14	2.37462E+00	2.45389E-02
1.939909E+14	2.37154E+00	2.41872E-02
1.937913E+14	2.36538E+00	2.38328E-02
1.935921E+14	2.36231E+00	2.35130E-02
1.933934E+14	2.35924E+00	2.32090E-02
1.931950E+14	2.35617E+00	2.29206E-02
1.929971E+14	2.35003E+00	2.26363E-02
1.927995E+14	2.34697E+00	2.23917E-02
1.926024E+14	2.34391E+00	2.21719E-02
1.924057E+14	2.33779E+00	2.19687E-02
1.922093E+14	2.33473E+00	2.18290E-02
1.920134E+14	2.32863E+00	2.17302E-02
1.918179E+14	2.32557E+00	2.17282E-02
1.916227E+14	2.31948E+00	2.18215E-02
1.914280E+14	2.31339E+00	2.20636E-02
1.912337E+14	2.30731E+00	2.25025E-02
1.910397E+14	2.30427E+00	2.32224E-02
1.908462E+14	2.29516E+00	2.42552E-02
1.906530E+14	2.28910E+00	2.57452E-02
1.904602E+14	2.28304E+00	2.77903E-02
1.902678E+14	2.27396E+00	3.04918E-02
1.900758E+14	2.26791E+00	3.40657E-02
1.898842E+14	2.25884E+00	3.85670E-02
1.896930E+14	2.25278E+00	4.41894E-02
1.895022E+14	2.24371E+00	5.09919E-02
1.893117E+14	2.23463E+00	5.90824E-02
1.891216E+14	2.22852E+00	6.85586E-02
1.889320E+14	2.22237E+00	7.93212E-02
1.887426E+14	2.21916E+00	9.13370E-02
1.885537E+14	2.21589E+00	1.04349E-01
1.883652E+14	2.21257E+00	1.18147E-01
1.881770E+14	2.21514E+00	1.32491E-01
1.879892E+14	2.21767E+00	1.46854E-01
1.878018E+14	2.22017E+00	1.60789E-01
1.876147E+14	2.22864E+00	1.74051E-01
1.874280E+14	2.23715E+00	1.86017E-01
1.872417E+14	2.24872E+00	1.96421E-01
1.870558E+14	2.26039E+00	2.04831E-01
1.868702E+14	2.27219E+00	2.11019E-01
1.866850E+14	2.28715E+00	2.15079E-01
1.865002E+14	2.29923E+00	2.16770E-01
1.863157E+14	2.31143E+00	2.16337E-01
1.861316E+14	2.32376E+00	2.14037E-01
1.859478E+14	2.33312E+00	2.10085E-01
1.857645E+14	2.34255E+00	2.04951E-01
1.855814E+14	2.35202E+00	1.99090E-01
1.853988E+14	2.35536E+00	1.92645E-01
1.852165E+14	2.36178E+00	1.86313E-01
1.850345E+14	2.36509E+00	1.80186E-01
1.848530E+14	2.36530E+00	1.74553E-01
1.846717E+14	2.36548E+00	1.69690E-01
1.844908E+14	2.36562E+00	1.65720E-01
1.843103E+14	2.36573E+00	1.62672E-01
1.841302E+14	2.36580E+00	1.60518E-01
1.839503E+14	2.36277E+00	1.59060E-01
1.837709E+14	2.36279E+00	1.58414E-01
1.835918E+14	2.36279E+00	1.58352E-01
1.834130E+14	2.36278E+00	1.58722E-01
1.832346E+14	2.36584E+00	1.59440E-01
1.830565E+14	2.36581E+00	1.60179E-01
1.828788E+14	2.36887E+00	1.61022E-01
1.827014E+14	2.36885E+00	1.61638E-01
1.825244E+14	2.37192E+00	1.62082E-01
1.823477E+14	2.37500E+00	1.62249E-01
1.821713E+14	2.38118E+00	1.62120E-01
1.819953E+14	2.38429E+00	1.61483E-01
1.818196E+14	2.38742E+00	1.60413E-01
1.816443E+14	2.39057E+00	1.58877E-01
1.814693E+14	2.39374E+00	1.56905E-01
1.812947E+14	2.40001E+00	1.54597E-01
1.811203E+14	2.40321E+00	1.51750E-01
1.809464E+14	2.40641E+00	1.48526E-01
1.807727E+14	2.40963E+00	1.44988E-01
1.805994E+14	2.41285E+00	1.41103E-01
1.804264E+14	2.41609E+00	1.36964E-01
1.802537E+14	2.41621E+00	1.32517E-01
1.800814E+14	2.41944E+00	1.27997E-01
1.799094E+14	2.41957E+00	1.23266E-01
1.797377E+14	2.42280E+00	1.18550E-01
1.795664E+14	2.42292E+00	1.13723E-01
1.793954E+14	2.42303E+00	1.08897E-01
1.792247E+14	2.42313E+00	1.04132E-01
1.790543E+14	2.42012E+00	9.93973E-02
1.788843E+14	2.42021E+00	9.48538E-02
1.787146E+14	2.42029E+00	9.04970E-02
1.785452E+14	2.41726E+00	8.62403E-02
1.783761E+14	2.41732E+00	8.22906E-02
1.782073E+14	2.41428E+00	7.85081E-02
1.780389E+14	2.41123E+00	7.49788E-02
1.778708E+14	2.40817E+00	7.17334E-02
1.777030E+14	2.40821E+00	6.88157E-02
1.775355E+14	2.40515E+00	6.61346E-02
1.773683E+14	2.40208E+00	6.37360E-02
1.772015E+14	2.39901E+00	6.16192E-02
1.770349E+14	2.39593E+00	5.98147E-02
1.768687E+14	2.39285E+00	5.82600E-02
1.767028E+14	2.38978E+00	5.69856E-02
1.765372E+14	2.38670E+00	5.59908E-02
1.763719E+14	2.38362E+00	5.52443E-02
1.762069E+14	2.38053E+00	5.47148E-02
1.760422E+14	2.37745E+00	5.44018E-02
1.758778E+14	2.37437E+00	5.43048E-02
1.757138E+14	2.37437E+00	5.44281E-02
1.755500E+14	2.37128E+00	5.46700E-02
1.753866E+14	2.36820E+00	5.50346E-02
1.752234E+14	2.36819E+00	5.55887E-02
1.750606E+14	2.36511E+00	5.61985E-02
1.748980E+14	2.36510E+00	5.69060E-02
1.747358E+14	2.36202E+00	5.76682E-02
1.745738E+14	2.36201E+00	5.84982E-02
1.744122E+14	2.36200E+00	5.93589E-02
1.742508E+14	2.35891E+00	6.01498E-02
1.740898E+14	2.35890E+00	6.10099E-02
1.739290E+14	2.35889E+00	6.18086E-02
1.737686E+14	2.35888E+00	6.25459E-02
1.736084E+14	2.35887E+00	6.32525E-02
1.734486E+14	2.35886E+00	6.38669E-02
1.732890E+14	2.35886E+00	6.43891E-02
1.731297E+14	2.35885E+00	6.48192E-02
1.729708E+14	2.35885E+00	6.51571E-02
1.728121E+14	2.35884E+00	6.53722E-02
1.726537E+14	2.35884E+00	6.54643E-02
1.724956E+14	2.35884E+00	6.54336E-02
1.723377E+14	2.35884E+00	6.52800E-02
1.721802E+14	2.36192E+00	6.50766E-02
1.720230E+14	2.36193E+00	6.46770E-02
1.718660E+14	2.36193E+00	6.41544E-02
1.717093E+14	2.36194E+00	6.35396E-02
1.715530E+14	2.36195E+00	6.28326E-02
1.713969E+14	2.36196E+00	6.20026E-02
1.712411E+14	2.36197E+00	6.10804E-02
1.710855E+14	2.36506E+00	6.01050E-02
1.709303E+14	2.36508E+00	5.89977E-02
1.707753E+14	2.36509E+00	5.78596E-02
1.706206E+14	2.36510E+00	5.66599E-02
1.704662E+14	2.36512E+00	5.53988E-02
1.703121E+14	2.36513E+00	5.41068E-02
1.701582E+14	2.36515E+00	5.27534E-02
1.700047E+14	2.36209E+00	5.13973E-02
1.698514E+14	2.36210E+00	5.00447E-02
1.696983E+14	2.36212E+00	4.86922E-02
1.695456E+14	2.36213E+00	4.73396E-02
1.693931E+14	2.36215E+00	4.59870E-02
1.692409E+14	2.35908E+00	4.46362E-02
1.690890E+14	2.35910E+00	4.33459E-02
1.689374E+14	2.35911E+00	4.20864E-02
1.687860E+14	2.35912E+00	4.08883E-02
1.686349E+14	2.35606E+00	3.96644E-02
1.684840E+14	2.35607E+00	3.85592E-02
1.683335E+14	2.35301E+00	3.74296E-02
1.681832E+14	2.35302E+00	3.64172E-02
1.680331E+14	2.35302E+00	3.54354E-02
1.678834E+14	2.34996E+00	3.44925E-02
1.677339E+14	2.34997E+00	3.36340E-02
1.675847E+14	2.34691E+00	3.28154E-02
1.674357E+14	2.34691E+00	3.20801E-02
1.672870E+14	2.34386E+00	3.13549E-02
1.671386E+14	2.34386E+00	3.07119E-02
1.669904E+14	2.34080E+00	3.01318E-02
1.668425E+14	2.34081E+00	2.96147E-02
1.666948E+14	2.33775E+00	2.91366E-02
1.665474E+14	2.33775E+00	2.87330E-02
1.664003E+14	2.33470E+00	2.83627E-02
1.662534E+14	2.33470E+00	2.80694E-02
1.661068E+14	2.33165E+00	2.78097E-02
1.659605E+14	2.33165E+00	2.76234E-02
1.658144E+14	2.32860E+00	2.74680E-02
1.656686E+14	2.32860E+00	2.73856E-02
1.655230E+14	2.32554E+00	2.73372E-02
1.653777E+14	2.32554E+00	2.73585E-02
1.652326E+14	2.32250E+00	2.74137E-02
1.650878E+14	2.32249E+00	2.75387E-02
1.649432E+14	2.31945E+00	2.76973E-02
1.647989E+14	2.31944E+00	2.79288E-02
1.646549E+14	2.31640E+00	2.81966E-02
1.645111E+14	2.31640E+00	2.85405E-02
1.643675E+14	2.31335E+00	2.89203E-02
1.642242E+14	2.31335E+00	2.93796E-02
1.640811E+14	2.31030E+00	2.98802E-02
1.639383E+14	2.30726E+00	3.04408E-02
1.637958E+14	2.30726E+00	3.11091E-02
1.636535E+14	2.30421E+00	3.17869E-02
1.635114E+14	2.30421E+00	3.26066E-02
1.633696E+14	2.30117E+00	3.34347E-02
1.632280E+14	2.30116E+00	3.44056E-02
1.630867E+14	2.29812E+00	3.54441E-02
1.629456E+14	2.29811E+00	3.65659E-02
1.628048E+14	2.29507E+00	3.77841E-02
1.626642E+14	2.29506E+00	3.91173E-02
1.625239E+14	2.29202E+00	4.05752E-02
1.623838E+14	2.29200E+00	4.21498E-02
1.622439E+14	2.28896E+00	4.38165E-02
1.621043E+14	2.28894E+00	4.56623E-02
1.619649E+14	2.28590E+00	4.76280E-02
1.618257E+14	2.28587E+00	4.97448E-02
1.616868E+14	2.28282E+00	5.20086E-02
1.615482E+14	2.28280E+00	5.44867E-02
1.614097E+14	2.27974E+00	5.70780E-02
1.612715E+14	2.27971E+00	5.99168E-02
1.611336E+14	2.27967E+00	6.29066E-02
1.609959E+14	2.27962E+00	6.60776E-02
1.608584E+14	2.27957E+00	6.94298E-02
1.607211E+14	2.27952E+00	7.29632E-02
1.605841E+14	2.27946E+00	7.66174E-02
1.604473E+14	2.27939E+00	8.04226E-02
1.603108E+14	2.27932E+00	8.42882E-02
1.601745E+14	2.28227E+00	8.82424E-02
1.600384E+14	2.28219E+00	9.21408E-02
1.599025E+14	2.28514E+00	9.60422E-02
1.597669E+14	2.28808E+00	9.97370E-02
1.596315E+14	2.29103E+00	1.03225E-01
1.594963E+14	2.29399E+00	1.06353E-01
1.593614E+14	2.30000E+00	1.09133E-01
1.592267E+14	2.30298E+00	1.11360E-01
1.590922E+14	2.30902E+00	1.13027E-01
1.589579E+14	2.31508E+00	1.14089E-01
1.588239E+14	2.31812E+00	1.14377E-01
1.586901E+14	2.32423E+00	1.14070E-01
1.585565E+14	2.33036E+00	1.13120E-01
1.584232E+14	2.33345E+00	1.11483E-01
1.582900E+14	2.33962E+00	1.09364E-01
1.581571E+14	2.34275E+00	1.06680E-01
1.580245E+14	2.34588E+00	1.03655E-01
1.578920E+14	2.34902E+00	1.00320E-01
1.577598E+14	2.35216E+00	9.67647E-02
1.576277E+14	2.35531E+00	9.31131E-02
1.574960E+14	2.35538E+00	8.93370E-02
1.573644E+14	2.35545E+00	8.55916E-02
1.572330E+14	2.35858E+00	8.19610E-02
1.571019E+14	2.35864E+00	7.83974E-02
1.569710E+14	2.35870E+00	7.49568E-02
1.568403E+14	2.35568E+00	7.16538E-02
1.567098E+14	2.35573E+00	6.86452E-02
1.565795E+14	2.35576E+00	6.59436E-02
1.564495E+14	2.35273E+00	6.36303E-02
1.563196E+14	2.34968E+00	6.19639E-02
1.561900E+14	2.34969E+00	6.11360E-02
1.560606E+14	2.34662E+00	6.12800E-02
1.559314E+14	2.34355E+00	6.23729E-02
1.558024E+14	2.34352E+00	6.40570E-02
1.556737E+14	2.34656E+00	6.57534E-02
1.555451E+14	2.34655E+00	6.65501E-02
1.554168E+14	2.34963E+00	6.58883E-02
1.552887E+14	2.35273E+00	6.35690E-02
1.551608E+14	2.35584E+00	5.99264E-02
1.550331E+14	2.35590E+00	5.55670E-02
1.549056E+14	2.35595E+00	5.13304E-02
1.547783E+14	2.35291E+00	4.77381E-02
1.546512E+14	2.34987E+00	4.50702E-02
1.545243E+14	2.34682E+00	4.32943E-02
1.543977E+14	2.34377E+00	4.22862E-02
1.542712E+14	2.34377E+00	4.18575E-02
1.541450E+14	2.34071E+00	4.17690E-02
1.540189E+14	2.33765E+00	4.19558E-02
1.538931E+14	2.33765E+00	4.23839E-02
1.537675E+14	2.33459E+00	4.29368E-02
1.536421E+14	2.33458E+00	4.37008E-02
1.535168E+14	2.33152E+00	4.45884E-02
1.533918E+14	2.33151E+00	4.56573E-02
1.532670E+14	2.33149E+00	4.68178E-02
1.531424E+14	2.33148E+00	4.80700E-02
1.530180E+14	2.33147E+00	4.93526E-02
1.528938E+14	2.33145E+00	5.06659E-02
1.527698E+14	2.33144E+00	5.18569E-02
1.526460E+14	2.33143E+00	5.29258E-02
1.525224E+14	2.33142E+00	5.37199E-02
1.523990E+14	2.33447E+00	5.42746E-02
1.522758E+14	2.33752E+00	5.44630E-02
1.521528E+14	2.33753E+00	5.41878E-02
1.520300E+14	2.34059E+00	5.35806E-02
1.519074E+14	2.34061E+00	5.25096E-02
1.517850E+14	2.34368E+00	5.11660E-02
1.516628E+14	2.34370E+00	4.95125E-02
1.515408E+14	2.34372E+00	4.76753E-02
1.514189E+14	2.34374E+00	4.56850E-02
1.512973E+14	2.34376E+00	4.36641E-02
1.511759E+14	2.34378E+00	4.16432E-02
1.510547E+14	2.34379E+00	3.96835E-02
1.509336E+14	2.34381E+00	3.78157E-02
1.508128E+14	2.34382E+00	3.60091E-02
1.506921E+14	2.34384E+00	3.43556E-02
1.505717E+14	2.34079E+00	3.27726E-02
1.504514E+14	2.34080E+00	3.13344E-02
1.503313E+14	2.34080E+00	3.00217E-02
1.502114E+14	2.33775E+00	2.87941E-02
1.500918E+14	2.33776E+00	2.76932E-02
1.499723E+14	2.33776E+00	2.66872E-02
1.498529E+14	2.33471E+00	2.57560E-02
1.497338E+14	2.33472E+00	2.49247E-02
1.496149E+14	2.33167E+00	2.41541E-02
1.494962E+14	2.33167E+00	2.34730E-02
1.493776E+14	2.32862E+00	2.28412E-02
1.492592E+14	2.32862E+00	2.22857E-02
1.491411E+14	2.32863E+00	2.17852E-02
1.490231E+14	2.32558E+00	2.13195E-02
1.489053E+14	2.32558E+00	2.09200E-02
1.487876E+14	2.32253E+00	2.05496E-02
1.486702E+14	2.32253E+00	2.02326E-02
1.485530E+14	2.32253E+00	1.99583E-02
1.484359E+14	2.31949E+00	1.97076E-02
1.483190E+14	2.31949E+00	1.95035E-02
1.482023E+14	2.31644E+00	1.93233E-02
1.480858E+14	2.31644E+00	1.91863E-02
1.479695E+14	2.31340E+00	1.90703E-02
1.478533E+14	2.31340E+00	1.89973E-02
1.477374E+14	2.31340E+00	1.89547E-02
1.476216E+14	2.31036E+00	1.89270E-02
1.475060E+14	2.31036E+00	1.89453E-02
1.473906E+14	2.30732E+00	1.89784E-02
1.472753E+14	2.30732E+00	1.90574E-02
1.471603E+14	2.30428E+00	1.91541E-02
1.470454E+14	2.30428E+00	1.92938E-02
1.469307E+14	2.30125E+00	1.94540E-02
1.468162E+14	2.30125E+00	1.96603E-02
1.467018E+14	2.30125E+00	1.99000E-02
1.465877E+14	2.29821E+00	2.01658E-02
1.464737E+14	2.29821E+00	2.04842E-02
1.463599E+14	2.29518E+00	2.08313E-02
1.462462E+14	2.29518E+00	2.12342E-02
1.461328E+14	2.29214E+00	2.16684E-02
1.460195E+14	2.29214E+00	2.21710E-02
1.459064E+14	2.28911E+00	2.27132E-02
1.457935E+14	2.28608E+00	2.33120E-02
1.456807E+14	2.28608E+00	2.39894E-02
1.455681E+14	2.28305E+00	2.47230E-02
1.454557E+14	2.28305E+00	2.55510E-02
1.453435E+14	2.28002E+00	2.64461E-02
1.452314E+14	2.27700E+00	2.74306E-02
1.451195E+14	2.27699E+00	2.85382E-02
1.450078E+14	2.27397E+00	2.97408E-02
1.448963E+14	2.27094E+00	3.10743E-02
1.447849E+14	2.27093E+00	3.25512E-02
1.446737E+14	2.26791E+00	3.41862E-02
1.445627E+14	2.26488E+00	3.59695E-02
1.444518E+14	2.26487E+00	3.80163E-02
1.443411E+14	2.26184E+00	4.02170E-02
1.442306E+14	2.25881E+00	4.26852E-02
1.441202E+14	2.25578E+00	4.54205E-02
1.440101E+14	2.25274E+00	4.84823E-02
1.439000E+14	2.25270E+00	5.19046E-02
1.437902E+14	2.24966E+00	5.56800E-02
1.436805E+14	2.24660E+00	5.99000E-02
1.435710E+14	2.24354E+00	6.45638E-02
1.434617E+14	2.24346E+00	6.97768E-02
1.433525E+14	2.24037E+00	7.54488E-02
1.432435E+14	2.24026E+00	8.17661E-02
1.431346E+14	2.24013E+00	8.86224E-02
1.430259E+14	2.23998E+00	9.60475E-02
1.429174E+14	2.23980E+00	1.03952E-01
1.428091E+14	2.23960E+00	1.12245E-01
1.427009E+14	2.24237E+00	1.20949E-01
1.425929E+14	2.24813E+00	1.29840E-01
1.424850E+14	2.25087E+00	1.38542E-01
1.423773E+14	2.25962E+00	1.47091E-01
1.422698E+14	2.26539E+00	1.54967E-01
1.421624E+14	2.27420E+00	1.62006E-01
1.420552E+14	2.28609E+00	1.68004E-01
1.419481E+14	2.29805E+00	1.72574E-01
1.418412E+14	2.31011E+00	1.75554E-01
1.417345E+14	2.32227E+00	1.76778E-01
1.416279E+14	2.33452E+00	1.76233E-01
1.415215E+14	2.34687E+00	1.73965E-01
1.414153E+14	2.35623E+00	1.69974E-01
1.413092E+14	2.36874E+00	1.64657E-01
1.412033E+14	2.37822E+00	1.58096E-01
1.410975E+14	2.38774E+00	1.50611E-01
1.409919E+14	2.39419E+00	1.42385E-01
1.408864E+14	2.40064E+00	1.33858E-01
1.407811E+14	2.40397E+00	1.25104E-01
1.406760E+14	2.40730E+00	1.16462E-01
1.405710E+14	2.40749E+00	1.07988E-01
1.404662E+14	2.41077E+00	1.00013E-01
1.403615E+14	2.41092E+00	9.24035E-02
1.402570E+14	2.41105E+00	8.53529E-02
1.401526E+14	2.40806E+00	7.87795E-02
1.400484E+14	2.40815E+00	7.28198E-02
1.399444E+14	2.40513E+00	6.73134E-02
1.398405E+14	2.40520E+00	6.23812E-02
1.397368E+14	2.40215E+00	5.78460E-02
1.396332E+14	2.39910E+00	5.37503E-02
1.395297E+14	2.39914E+00	5.00947E-02
1.394265E+14	2.39608E+00	4.67186E-02
1.393233E+14	2.39301E+00	4.36873E-02
1.392204E+14	2.39303E+00	4.09646E-02
1.391175E+14	2.38996E+00	3.84645E-02
1.390149E+14	2.38689E+00	3.62148E-02
1.389124E+14	2.38690E+00	3.41754E-02
1.388100E+14	2.38383E+00	3.22696E-02
1.387078E+14	2.38075E+00	3.05514E-02
1.386057E+14	2.38076E+00	2.89930E-02
1.385038E+14	2.37768E+00	2.75401E-02
1.384020E+14	2.37769E+00	2.62233E-02
1.383004E+14	2.37462E+00	2.49950E-02
1.381989E+14	2.37462E+00	2.38763E-02
1.380976E+14	2.37155E+00	2.28228E-02
1.379965E+14	2.37155E+00	2.18649E-02
1.378954E+14	2.36847E+00	2.09612E-02
1.377946E+14	2.36848E+00	2.01332E-02
1.376938E+14	2.36540E+00	1.93480E-02
1.375932E+14	2.36541E+00	1.86283E-02
1.374928E+14	2.36233E+00	1.79460E-02
1.373925E+14	2.36234E+00	1.73158E-02
1.372924E+14	2.36234E+00	1.67256E-02
1.371924E+14	2.35927E+00	1.61618E-02
1.370925E+14	2.35927E+00	1.56426E-02
1.369928E+14	2.35927E+00	1.51542E-02
1.368933E+14	2.35620E+00	1.46807E-02
1.367939E+14	2.35620E+00	1.42479E-02
1.366946E+14	2.35620E+00	1.38365E-02
1.365955E+14	2.35314E+00	1.34378E-02
1.364965E+14	2.35314E+00	1.30697E-02
1.363977E+14	2.35314E+00	1.27199E-02
1.362990E+14	2.35007E+00	1.23805E-02
1.362004E+14	2.35007E+00	1.20678E-02
1.361020E+14	2.35007E+00	1.17673E-02
1.360037E+14	2.35007E+00	1.14852E-02
1.359056E+14	2.34701E+00	1.12050E-02
1.358076E+14	2.34701E+00	1.09477E-02
1.357098E+14	2.34701E+00	1.07026E-02
1.356121E+14	2.34701E+00	1.04666E-02
1.355145E+14	2.34395E+00	1.02332E-02
1.354171E+14	2.34395E+00	1.00189E-02
1.353198E+14	2.34395E+00	9.81371E-03
1.352227E+14	2.34395E+00	9.61468E-03
1.351257E+14	2.34395E+00	9.42484E-03
1.350288E+14	2.34089E+00	9.23814E-03
1.349321E+14	2.34089E+00	9.06372E-03
1.348355E+14	2.34089E+00	8.89542E-03
1.347390E+14	2.34089E+00	8.73630E-03
1.346427E+14	2.34089E+00	8.58024E-03
1.345465E+14	2.33783E+00	8.42479E-03
1.344505E+14	2.33783E+00	8.28106E-03
1.343546E+14	2.33783E+00	8.14345E-03
1.342588E+14	2.33783E+00	8.00890E-03
1.341632E+14	2.33783E+00	7.88047E-03
1.340677E+14	2.33478E+00	7.75307E-03
1.339724E+14	2.33478E+00	7.63083E-03
1.338772E+14	2.33478E+00	7.51470E-03
1.337821E+14	2.33478E+00	7.40469E-03
1.336871E+14	2.33478E+00	7.29467E-03
1.335923E+14	2.33478E+00	7.19077E-03
1.334976E+14	2.33478E+00	7.08686E-03
1.334031E+14	2.33172E+00	6.98450E-03
1.333087E+14	2.33172E+00	6.88982E-03
1.332144E+14	2.33172E+00	6.79515E-03
1.331203E+14	2.33172E+00	6.70658E-03
1.330262E+14	2.33172E+00	6.61802E-03
1.329324E+14	2.33172E+00	6.53556E-03
1.328386E+14	2.33172E+00	6.45310E-03
1.327450E+14	2.32867E+00	6.36952E-03
1.326515E+14	2.32867E+00	6.29017E-03
1.325582E+14	2.32867E+00	6.21692E-03
1.324649E+14	2.32867E+00	6.14062E-03
1.323719E+14	2.32867E+00	6.07043E-03
1.322789E+14	2.32867E+00	6.00023E-03
1.321861E+14	2.32867E+00	5.93309E-03
1.320934E+14	2.32867E+00	5.86594E-03
1.320008E+14	2.32562E+00	5.79805E-03
1.319084E+14	2.32562E+00	5.73705E-03
1.318161E+14	2.32562E+00	5.67605E-03
1.317239E+14	2.32562E+00	5.61505E-03
1.316318E+14	2.32562E+00	5.55710E-03
1.315399E+14	2.32562E+00	5.50220E-03
1.314481E+14	2.32562E+00	5.44730E-03
1.313565E+14	2.32562E+00	5.39240E-03
1.312649E+14	2.32562E+00	5.34055E-03
1.311735E+14	2.32257E+00	5.28523E-03
1.310822E+14	2.32257E+00	5.23342E-03
1.309911E+14	2.32257E+00	5.18465E-03
1.309000E+14	2.32257E+00	5.13588E-03
1.308091E+14	2.32257E+00	5.09016E-03
1.307184E+14	2.32257E+00	5.04444E-03
1.306277E+14	2.32257E+00	4.99872E-03
1.305372E+14	2.32257E+00	4.95300E-03
1.304468E+14	2.32257E+00	4.91033E-03
1.303565E+14	2.32257E+00	4.86766E-03
1.302664E+14	2.31953E+00	4.82486E-03
1.301763E+14	2.31953E+00	4.78527E-03
1.300864E+14	2.31953E+00	4.74262E-03
1.299967E+14	2.31953E+00	4.70607E-03
1.299070E+14	2.31953E+00	4.66647E-03
1.298175E+14	2.31953E+00	4.62992E-03
1.297281E+14	2.31953E+00	4.59337E-03
1.296388E+14	2.31953E+00	4.55682E-03
1.295496E+14	2.31953E+00	4.52026E-03
1.294606E+14	2.31953E+00	4.48676E-03
1.293717E+14	2.31953E+00	4.45325E-03
1.292829E+14	2.31953E+00	4.41975E-03
1.291942E+14	2.31648E+00	4.38336E-03
1.291057E+14	2.31648E+00	4.35292E-03
1.290172E+14	2.31648E+00	4.31944E-03
1.289289E+14	2.31648E+00	4.28900E-03
1.288407E+14	2.31648E+00	4.25856E-03
1.287527E+14	2.31648E+00	4.22812E-03
1.286647E+14	2.31648E+00	4.19768E-03
1.285769E+14	2.31648E+00	4.17028E-03
1.284892E+14	2.31648E+00	4.14288E-03
1.284016E+14	2.31648E+00	4.11244E-03
1.283141E+14	2.31648E+00	4.08505E-03
1.282268E+14	2.31648E+00	4.06070E-03
1.281396E+14	2.31648E+00	4.03330E-03
1.280525E+14	2.31344E+00	4.00327E-03
1.279655E+14	2.31344E+00	3.97894E-03
1.278786E+14	2.31344E+00	3.95156E-03
1.277918E+14	2.31344E+00	3.92722E-03
1.277052E+14	2.31344E+00	3.90289E-03
1.276187E+14	2.31344E+00	3.87855E-03
1.275323E+14	2.31344E+00	3.85421E-03
1.274460E+14	2.31344E+00	3.83292E-03
1.273598E+14	2.31344E+00	3.80858E-03
1.272738E+14	2.31344E+00	3.78425E-03
1.271878E+14	2.31344E+00	3.76295E-03
1.271020E+14	2.31344E+00	3.74166E-03
1.270163E+14	2.31344E+00	3.72037E-03
1.269307E+14	2.31344E+00	3.69907E-03
1.268452E+14	2.31040E+00	3.67536E-03
1.267599E+14	2.31040E+00	3.65408E-03
1.266746E+14	2.31040E+00	3.63280E-03
1.265895E+14	2.31040E+00	3.61152E-03
1.265045E+14	2.31040E+00	3.59328E-03
1.264196E+14	2.31040E+00	3.57200E-03
1.263348E+14	2.31040E+00	3.55376E-03
1.262501E+14	2.31040E+00	3.53552E-03
1.261655E+14	2.31040E+00	3.51424E-03
1.260811E+14	2.31040E+00	3.49600E-03
1.259968E+14	2.31040E+00	3.47776E-03
1.259125E+14	2.31040E+00	3.45952E-03
1.258284E+14	2.31040E+00	3.44128E-03
1.257444E+14	2.31040E+00	3.42304E-03
1.256605E+14	2.31040E+00	3.40784E-03
1.255768E+14	2.31040E+00	3.38960E-03
1.254931E+14	2.31040E+00	3.37136E-03
1.254096E+14	2.30736E+00	3.35395E-03
1.253261E+14	2.30736E+00	3.33572E-03
1.252428E+14	2.30736E+00	3.32053E-03
1.251596E+14	2.30736E+00	3.30534E-03
1.250765E+14	2.30736E+00	3.28712E-03
1.249935E+14	2.30736E+00	3.27193E-03
1.249106E+14	2.30736E+00	3.25674E-03
1.248278E+14	2.30736E+00	3.24155E-03
1.247451E+14	2.30736E+00	3.22636E-03
1.246626E+14	2.30736E+00	3.21117E-03
1.245801E+14	2.30736E+00	3.19598E-03
1.244978E+14	2.30736E+00	3.18079E-03
1.244156E+14	2.30736E+00	3.16560E-03
1.243334E+14	2.30736E+00	3.15344E-03
1.242514E+14	2.30736E+00	3.13825E-03
1.241695E+14	2.30736E+00	3.12306E-03
1.240877E+14	2.30736E+00	3.11091E-03
1.240060E+14	2.30736E+00	3.09572E-03
1.239244E+14	2.30736E+00	3.08357E-03
1.238430E+14	2.30432E+00	3.06636E-03
1.237616E+14	2.30432E+00	3.05422E-03
1.236803E+14	2.30432E+00	3.03904E-03
1.235992E+14	2.30432E+00	3.02750E-03
1.235181E+14	2.30432E+00	3.01444E-03
1.234372E+14	2.30432E+00	3.00169E-03
1.233564E+14	2.30432E+00	2.98925E-03
1.232756E+14	2.30432E+00	2.97649E-03
1.231950E+14	2.30432E+00	2.96435E-03
1.231145E+14	2.30432E+00	2.95190E-03
1.230341E+14	2.30432E+00	2.93976E-03
1.229538E+14	2.30432E+00	2.92792E-03
1.228736E+14	2.30432E+00	2.91608E-03
1.227935E+14	2.30432E+00	2.90424E-03
1.227135E+14	2.30432E+00	2.89270E-03
1.226336E+14	2.30432E+00	2.88116E-03
1.225538E+14	2.30432E+00	2.86963E-03
1.224741E+14	2.30432E+00	2.85839E-03
1.223945E+14	2.30432E+00	2.84716E-03
1.223150E+14	2.30432E+00	2.83593E-03
1.222357E+14	2.30432E+00	2.82500E-03
1.221564E+14	2.30432E+00	2.81437E-03
1.220772E+14	2.30129E+00	2.80160E-03
1.219982E+14	2.30129E+00	2.79098E-03
1.219192E+14	2.30129E+00	2.78036E-03
1.218403E+14	2.30129E+00	2.77004E-03
1.217616E+14	2.30129E+00	2.75942E-03
1.216829E+14	2.30129E+00	2.74941E-03
1.216044E+14	2.30129E+00	2.73910E-03
1.215259E+14	2.30129E+00	2.72908E-03
1.214476E+14	2.30129E+00	2.71907E-03
1.213693E+14	2.30129E+00	2.70906E-03
1.212912E+14	2.30129E+00	2.69935E-03
1.212131E+14	2.30129E+00	2.68964E-03
1.211351E+14	2.30129E+00	2.67993E-03
1.210573E+14	2.30129E+00	2.67053E-03
1.209795E+14	2.30129E+00	2.66082E-03
1.209019E+14	2.30129E+00	2.65172E-03
1.208243E+14	2.30129E+00	2.64231E-03
1.207469E+14	2.30129E+00	2.63291E-03
1.206695E+14	2.30129E+00	2.62380E-03
1.205923E+14	2.30129E+00	2.61470E-03
1.205151E+14	2.30129E+00	2.60590E-03
1.204381E+14	2.30129E+00	2.59680E-03
1.203611E+14	2.30129E+00	2.58800E-03
1.202843E+14	2.30129E+00	2.57920E-03
1.202075E+14	2.30129E+00	2.57071E-03
1.201308E+14	2.29826E+00	2.56022E-03
1.200543E+14	2.29826E+00	2.55173E-03
1.199778E+14	2.29826E+00	2.54324E-03
1.199014E+14	2.29826E+00	2.53506E-03
1.198252E+14	2.29826E+00	2.52657E-03
1.197490E+14	2.29826E+00	2.51838E-03
1.196729E+14	2.29826E+00	2.51019E-03
1.195969E+14	2.29826E+00	2.50201E-03
1.195210E+14	2.29826E+00	2.49382E-03
1.194452E+14	2.29826E+00	2.48594E-03
1.193696E+14	2.29826E+00	2.47805E-03
1.192940E+14	2.29826E+00	2.47017E-03
1.192185E+14	2.29826E+00	2.46229E-03
1.191430E+14	2.29826E+00	2.45440E-03
1.190677E+14	2.29826E+00	2.44682E-03
1.189925E+14	2.29826E+00	2.43924E-03
1.189174E+14	2.29826E+00	2.43166E-03
1.188424E+14	2.29826E+00	2.42408E-03
1.187674E+14	2.29826E+00	2.41650E-03
1.186926E+14	2.29826E+00	2.40923E-03
1.186179E+14	2.29826E+00	2.40165E-03
1.185432E+14	2.29826E+00	2.39437E-03
1.184687E+14	2.29826E+00	2.38709E-03
1.183942E+14	2.29826E+00	2.38012E-03
1.183198E+14	2.29826E+00	2.37284E-03
1.182455E+14	2.29826E+00	2.36587E-03
1.181714E+14	2.29826E+00	2.35859E-03
1.180973E+14	2.29826E+00	2.35162E-03
1.180233E+14	2.29522E+00	2.34310E-03
1.179494E+14	2.29522E+00	2.33643E-03
1.178756E+14	2.29522E+00	2.32946E-03
1.178018E+14	2.29522E+00	2.32280E-03
1.177282E+14	2.29522E+00	2.31583E-03
1.176547E+14	2.29522E+00	2.30916E-03
1.175812E+14	2.29522E+00	2.30250E-03
1.175079E+14	2.29522E+00	2.29613E-03
1.174346E+14	2.29522E+00	2.28947E-03
1.173615E+14	2.29522E+00	2.28311E-03
1.172884E+14	2.29522E+00	2.27644E-03
1.172154E+14	2.29522E+00	2.27008E-03
1.171425E+14	2.29522E+00	2.26371E-03
1.170697E+14	2.29522E+00	2.25735E-03
1.169970E+14	2.29522E+00	2.25099E-03
1.169244E+14	2.29522E+00	2.24493E-03
1.168518E+14	2.29522E+00	2.23856E-03
1.167794E+14	2.29522E+00	2.23250E-03
1.167070E+14	2.29522E+00	2.22644E-03
1.166348E+14	2.29522E+00	2.22038E-03
1.165626E+14	2.29522E+00	2.21432E-03
1.164905E+14	2.29522E+00	2.20826E-03
1.164185E+14	2.29522E+00	2.20220E-03
1.163466E+14	2.29522E+00	2.19645E-03
1.162748E+14	2.29522E+00	2.19039E-03
1.162031E+14	2.29522E+00	2.18463E-03
1.161314E+14	2.29522E+00	2.17887E-03
1.160599E+14	2.29522E+00	2.17312E-03
1.159884E+14	2.29522E+00	2.16736E-03
1.159170E+14	2.29522E+00	2.16160E-03
1.158457E+14	2.29522E+00	2.15585E-03
1.157745E+14	2.29522E+00	2.15039E-03
1.157034E+14	2.29522E+00	2.14463E-03
1.156324E+14	2.29220E+00	2.13777E-03
1.155614E+14	2.29220E+00	2.13232E-03
1.154906E+14	2.29220E+00	2.12687E-03
1.154198E+14	2.29220E+00	2.12142E-03
1.153491E+14	2.29220E+00	2.11597E-03
1.152786E+14	2.29220E+00	2.11052E-03
1.152080E+14	2.29220E+00	2.10507E-03
1.151376E+14	2.29220E+00	2.09992E-03
1.150673E+14	2.29220E+00	2.09447E-03
1.149970E+14	2.29220E+00	2.08932E-03
1.149269E+14	2.29220E+00	2.08417E-03
1.148568E+14	2.29220E+00	2.07872E-03
1.147868E+14	2.29220E+00	2.07357E-03
1.147169E+14	2.29220E+00	2.06843E-03
1.146471E+14	2.29220E+00	2.06358E-03
1.145773E+14	2.29220E+00	2.05843E-03
1.145077E+14	2.29220E+00	2.05329E-03
1.144381E+14	2.29220E+00	2.04844E-03
1.143686E+14	2.29220E+00	2.04329E-03
1.142992E+14	2.29220E+00	2.03845E-03
1.142299E+14	2.29220E+00	2.03360E-03
1.141607E+14	2.29220E+00	2.02846E-03
1.140916E+14	2.29220E+00	2.02361E-03
1.140225E+14	2.29220E+00	2.01877E-03
1.139535E+14	2.29220E+00	2.01392E-03
1.138846E+14	2.29220E+00	2.00938E-03
1.138158E+14	2.29220E+00	2.00454E-03
1.137471E+14	2.29220E+00	1.99969E-03
1.136784E+14	2.29220E+00	1.99515E-03
1.136099E+14	2.29220E+00	1.99030E-03
1.135414E+14	2.29220E+00	1.98576E-03
1.134730E+14	2.29220E+00	1.98122E-03
1.134047E+14	2.29220E+00	1.97638E-03
1.133364E+14	2.29220E+00	1.97183E-03
1.132683E+14	2.29220E+00	1.96729E-03
1.132002E+14	2.29220E+00	1.96275E-03
1.131322E+14	2.29220E+00	1.95821E-03
1.130643E+14	2.29220E+00	1.95397E-03
1.129965E+14	2.28917E+00	1.94814E-03
1.129288E+14	2.28917E+00	1.94360E-03
1.128611E+14	2.28917E+00	1.93936E-03
1.127935E+14	2.28917E+00	1.93482E-03
1.127260E+14	2.28917E+00	1.93059E-03
1.126586E+14	2.28917E+00	1.92635E-03
1.125912E+14	2.28917E+00	1.92181E-03
1.125240E+14	2.28917E+00	1.91758E-03
1.124568E+14	2.28917E+00	1.91334E-03
1.123897E+14	2.28917E+00	1.90910E-03
1.123227E+14	2.28917E+00	1.90487E-03
1.122558E+14	2.28917E+00	1.90063E-03
1.121889E+14	2.28917E+00	1.89670E-03
1.121221E+14	2.28917E+00	1.89246E-03
1.120554E+14	2.28917E+00	1.88822E-03
1.119888E+14	2.28917E+00	1.88429E-03
1.119223E+14	2.28917E+00	1.88005E-03
1.118558E+14	2.28917E+00	1.87612E-03
1.117894E+14	2.28917E+00	1.87188E-03
1.117231E+14	2.28917E+00	1.86795E-03
1.116569E+14	2.28917E+00	1.86402E-03
1.115907E+14	2.28917E+00	1.86008E-03
1.115247E+14	2.28917E+00	1.85615E-03
1.114587E+14	2.28917E+00	1.85191E-03
1.113928E+14	2.28917E+00	1.84828E-03
1.113269E+14	2.28917E+00	1.84435E-03
1.112612E+14	2.28917E+00	1.84041E-03
1.111955E+14	2.28917E+00	1.83648E-03
1.111299E+14	2.28917E+00	1.83255E-03
1.110644E+14	2.28917E+00	1.82891E-03
1.109989E+14	2.28917E+00	1.82498E-03
1.109335E+14	2.28917E+00	1.82135E-03
1.108682E+14	2.28917E+00	1.81742E-03
1.108030E+14	2.28917E+00	1.81378E-03
1.107379E+14	2.28917E+00	1.80985E-03
1.106728E+14	2.28917E+00	1.80622E-03
1.106078E+14	2.28917E+00	1.80259E-03
1.105429E+14	2.28917E+00	1.79896E-03
1.104781E+14	2.28917E+00	1.79533E-03
1.104133E+14	2.28917E+00	1.79139E-03
1.103487E+14	2.28917E+00	1.78776E-03
1.102840E+14	2.28917E+00	1.78443E-03
1.102195E+14	2.28917E+00	1.78080E-03
1.101551E+14	2.28917E+00	1.77717E-03
1.100907E+14	2.28917E+00	1.77354E-03
1.100264E+14	2.28614E+00	1.76874E-03
1.099621E+14	2.28614E+00	1.76541E-03
1.098980E+14	2.28614E+00	1.76178E-03
1.098339E+14	2.28614E+00	1.75846E-03
1.097699E+14	2.28614E+00	1.75483E-03
1.097060E+14	2.28614E+00	1.75150E-03
1.096421E+14	2.28614E+00	1.74787E-03
1.095783E+14	2.28614E+00	1.74455E-03
1.095146E+14	2.28614E+00	1.74122E-03
1.094510E+14	2.28614E+00	1.73759E-03
1.093874E+14	2.28614E+00	1.73426E-03
1.093239E+14	2.28614E+00	1.73094E-03
1.092605E+14	2.28614E+00	1.72761E-03
1.091972E+14	2.28614E+00	1.72428E-03
1.091339E+14	2.28614E+00	1.72096E-03
1.090707E+14	2.28614E+00	1.71763E-03
1.090076E+14	2.28614E+00	1.71431E-03
1.089446E+14	2.28614E+00	1.71098E-03
1.088816E+14	2.28614E+00	1.70796E-03
1.088187E+14	2.28614E+00	1.70463E-03
1.087559E+14	2.28614E+00	1.70130E-03
1.086931E+14	2.28614E+00	1.69798E-03
1.086304E+14	2.28614E+00	1.69495E-03
1.085678E+14	2.28614E+00	1.69163E-03
1.085053E+14	2.28614E+00	1.68860E-03
1.084428E+14	2.28614E+00	1.68528E-03
1.083804E+14	2.28614E+00	1.68225E-03
1.083181E+14	2.28614E+00	1.67923E-03
1.082558E+14	2.28614E+00	1.67590E-03
1.081937E+14	2.28614E+00	1.67288E-03
1.081315E+14	2.28614E+00	1.66985E-03
1.080695E+14	2.28614E+00	1.66683E-03
1.080075E+14	2.28614E+00	1.66350E-03
1.079456E+14	2.28614E+00	1.66048E-03
1.078838E+14	2.28614E+00	1.65745E-03
1.078221E+14	2.28614E+00	1.65443E-03
1.077604E+14	2.28614E+00	1.65141E-03
1.076988E+14	2.28614E+00	1.64838E-03
1.076372E+14	2.28614E+00	1.64566E-03
1.075758E+14	2.28614E+00	1.64264E-03
1.075144E+14	2.28614E+00	1.63961E-03
1.074530E+14	2.28614E+00	1.63659E-03
1.073918E+14	2.28614E+00	1.63356E-03
1.073306E+14	2.28614E+00	1.63084E-03
1.072695E+14	2.28614E+00	1.62782E-03
1.072084E+14	2.28614E+00	1.62480E-03
1.071474E+14	2.28614E+00	1.62207E-03
1.070865E+14	2.28614E+00	1.61905E-03
1.070257E+14	2.28614E+00	1.61633E-03
1.069649E+14	2.28614E+00	1.61330E-03
1.069042E+14	2.28614E+00	1.61058E-03
1.068435E+14	2.28614E+00	1.60786E-03
1.067830E+14	2.28312E+00	1.60378E-03
1.067225E+14	2.28312E+00	1.60106E-03
1.066620E+14	2.28312E+00	1.59834E-03
1.066017E+14	2.28312E+00	1.59562E-03
1.065414E+14	2.28312E+00	1.59259E-03
1.064812E+14	2.28312E+00	1.58987E-03
1.064210E+14	2.28312E+00	1.58715E-03
1.063609E+14	2.28312E+00	1.58443E-03
1.063009E+14	2.28312E+00	1.58171E-03
1.062409E+14	2.28312E+00	1.57900E-03
1.061810E+14	2.28312E+00	1.57628E-03
1.061212E+14	2.28312E+00	1.57356E-03
1.060615E+14	2.28312E+00	1.57084E-03
1.060018E+14	2.28312E+00	1.56812E-03
1.059422E+14	2.28312E+00	1.56570E-03
1.058826E+14	2.28312E+00	1.56298E-03
1.058231E+14	2.28312E+00	1.56026E-03
1.057637E+14	2.28312E+00	1.55754E-03
1.057044E+14	2.28312E+00	1.55512E-03
1.056451E+14	2.28312E+00	1.55240E-03
1.055859E+14	2.28312E+00	1.54968E-03
1.055267E+14	2.28312E+00	1.54726E-03
1.054676E+14	2.28312E+00	1.54454E-03
1.054086E+14	2.28312E+00	1.54213E-03
1.053496E+14	2.28312E+00	1.53941E-03
1.052908E+14	2.28312E+00	1.53699E-03
1.052319E+14	2.28312E+00	1.53427E-03
1.051732E+14	2.28312E+00	1.53185E-03
1.051145E+14	2.28312E+00	1.52943E-03
1.050559E+14	2.28312E+00	1.52671E-03
1.049973E+14	2.28312E+00	1.52430E-03
1.049388E+14	2.28312E+00	1.52188E-03
1.048804E+14	2.28312E+00	1.51946E-03
1.048220E+14	2.28312E+00	1.51674E-03
1.047637E+14	2.28312E+00	1.51432E-03
1.047055E+14	2.28312E+00	1.51191E-03
1.046473E+14	2.28312E+00	1.50949E-03
1.045892E+14	2.28312E+00	1.50707E-03
1.045312E+14	2.28312E+00	1.50465E-03
1.044732E+14	2.28312E+00	1.50224E-03
1.044153E+14	2.28312E+00	1.49982E-03
1.043574E+14	2.28312E+00	1.49740E-03
1.042996E+14	2.28312E+00	1.49498E-03
1.042419E+14	2.28312E+00	1.49257E-03
1.041843E+14	2.28312E+00	1.49015E-03
1.041267E+14	2.28312E+00	1.48773E-03
1.040691E+14	2.28312E+00	1.48562E-03
1.040117E+14	2.28312E+00	1.48320E-03
1.039543E+14	2.28312E+00	1.48078E-03
1.038969E+14	2.28312E+00	1.47836E-03
1.038397E+14	2.28312E+00	1.47625E-03
1.037825E+14	2.28312E+00	1.47383E-03
1.037253E+14	2.28312E+00	1.47141E-03
1.036682E+14	2.28312E+00	1.46930E-03
1.036112E+14	2.28312E+00	1.46688E-03