5.316241E+15	1.93170E+00	0.00000E+00
4.077981E+15	1.92958E+00	5.44212E-04
3.307579E+15	1.92912E+00	1.08829E-03
2.782008E+15	1.92899E+00	1.63239E-03
2.400562E+15	1.92886E+00	2.17644E-03
2.111105E+15	1.92872E+00	2.72046E-03
1.883941E+15	1.92859E+00	3.26444E-03
1.700915E+15	1.92747E+00	3.80740E-03
1.550303E+15	1.92173E+00	4.34483E-03
1.424193E+15	1.92093E+00	4.88693E-03
1.317057E+15	1.92080E+00	5.42973E-03
1.224912E+15	1.92067E+00	5.97250E-03
1.144817E+15	1.92054E+00	6.51523E-03
1.074554E+15	1.92041E+00	7.05793E-03
1.012417E+15	1.92027E+00	7.60059E-03
9.570739E+14	1.92014E+00	8.14321E-03
9.074674E+14	1.92001E+00	8.68579E-03
8.635788E+14	1.91237E+00	9.19973E-03
8.222324E+14	1.91431E+00	9.75700E-03
7.853500E+14	1.91418E+00	1.02987E-02
7.516343E+14	1.91404E+00	1.08404E-02
7.188320E+14	1.91056E+00	1.14061E-02
6.917036E+14	1.90726E+00	1.19131E-02
6.658747E+14	1.90641E+00	1.24416E-02
6.400019E+14	1.90294E+00	1.30047E-02
6.197346E+14	1.90037E+00	1.34791E-02
5.989678E+14	1.89617E+00	1.39926E-02
5.775384E+14	1.88742E+00	1.45441E-02
5.607493E+14	1.90154E+00	1.50887E-02
5.418304E+14	1.89878E+00	1.56663E-02
5.258730E+14	1.89662E+00	1.61865E-02
5.099751E+14	1.89407E+00	1.67352E-02
4.966058E+14	1.88825E+00	1.72070E-02
4.824044E+14	1.88886E+00	1.77687E-02
4.697552E+14	1.88184E+00	1.82609E-02
4.561983E+14	1.87100E+00	1.88018E-02
4.460377E+14	1.87464E+00	1.92890E-02
4.347603E+14	1.88144E+00	1.98712E-02
4.238278E+14	1.86920E+00	2.03628E-02
4.135970E+14	1.87012E+00	2.09153E-02
4.047596E+14	1.86612E+00	2.13876E-02
3.949279E+14	1.86002E+00	2.19280E-02
3.865483E+14	1.85916E+00	2.24364E-02
3.783698E+14	1.85188E+00	2.29144E-02
3.768558E+14	1.85130E+00	2.29181E-02
3.753539E+14	1.85073E+00	2.29218E-02
3.738639E+14	1.85026E+00	2.29262E-02
3.723857E+14	1.85026E+00	2.29335E-02
3.709191E+14	1.84973E+00	2.29375E-02
3.694641E+14	1.84871E+00	2.29385E-02
3.680204E+14	1.84243E+00	2.29067E-02
3.665879E+14	1.83646E+00	2.28769E-02
3.651666E+14	1.83617E+00	2.28823E-02
3.637562E+14	1.83603E+00	2.28887E-02
3.623567E+14	1.83603E+00	2.28960E-02
3.609679E+14	1.83603E+00	2.29032E-02
3.595897E+14	1.83603E+00	2.29105E-02
3.582221E+14	1.83603E+00	2.29177E-02
3.568647E+14	1.83563E+00	2.29225E-02
3.555176E+14	1.83485E+00	2.29249E-02
3.541807E+14	1.83495E+00	2.29327E-02
3.528538E+14	1.83514E+00	2.29412E-02
3.515367E+14	1.83514E+00	2.29485E-02
3.502295E+14	1.83514E+00	2.29557E-02
3.489320E+14	1.83514E+00	2.29630E-02
3.476440E+14	1.83447E+00	2.29661E-02
3.463655E+14	1.83251E+00	2.29610E-02
3.450964E+14	1.82574E+00	2.29258E-02
3.438365E+14	1.82235E+00	2.29117E-02
3.425858E+14	1.82192E+00	2.29162E-02
3.413442E+14	1.82186E+00	2.29231E-02
3.401115E+14	1.82186E+00	2.29303E-02
3.388877E+14	1.82186E+00	2.29376E-02
3.376727E+14	1.82051E+00	2.29363E-02
3.364664E+14	1.81800E+00	2.29277E-02
3.352686E+14	1.81246E+00	2.29000E-02
3.340794E+14	1.80774E+00	2.28774E-02
3.328986E+14	1.80774E+00	2.28846E-02
3.317260E+14	1.80774E+00	2.28918E-02
3.305617E+14	1.80774E+00	2.28990E-02
3.294056E+14	1.80749E+00	2.29046E-02
3.282575E+14	1.80721E+00	2.29100E-02
3.271174E+14	1.80697E+00	2.29699E-02
3.259852E+14	1.80686E+00	2.30654E-02
3.248608E+14	1.80686E+00	2.30707E-02
3.237441E+14	1.80207E+00	2.30400E-02
3.226351E+14	1.79730E+00	2.30096E-02
3.215336E+14	1.79479E+00	2.29935E-02
3.204396E+14	1.79368E+00	2.29864E-02
3.193531E+14	1.79368E+00	2.29864E-02
3.182739E+14	1.79274E+00	2.29803E-02
3.172020E+14	1.79042E+00	2.29655E-02
3.161372E+14	1.78378E+00	2.30172E-02
3.150796E+14	1.78086E+00	2.31285E-02
3.140291E+14	1.78086E+00	2.31605E-02
3.129855E+14	1.78035E+00	2.31891E-02
3.119488E+14	1.77976E+00	2.31994E-02
3.109190E+14	1.77909E+00	2.30042E-02
3.098960E+14	1.77875E+00	2.28905E-02
3.088796E+14	1.77865E+00	2.28899E-02
3.078700E+14	1.77331E+00	2.28555E-02
3.068669E+14	1.76837E+00	2.28236E-02
3.058703E+14	1.76652E+00	2.28116E-02
3.048801E+14	1.76474E+00	2.28002E-02
3.038964E+14	1.76303E+00	2.27892E-02
3.029190E+14	1.75749E+00	2.27533E-02
3.019478E+14	1.75281E+00	2.27230E-02
3.009829E+14	1.75201E+00	2.27178E-02
3.000241E+14	1.75172E+00	2.27159E-02
2.990714E+14	1.75182E+00	2.27166E-02
2.981247E+14	1.74764E+00	2.26894E-02
2.971840E+14	1.74327E+00	2.26610E-02
2.962492E+14	1.73954E+00	2.26368E-02
2.953203E+14	1.73614E+00	2.26147E-02
2.943971E+14	1.73299E+00	2.25941E-02
2.934798E+14	1.72906E+00	2.25685E-02
2.925681E+14	1.72573E+00	2.25468E-02
2.916621E+14	1.72437E+00	2.25379E-02
2.907617E+14	1.71950E+00	2.28344E-02
2.898668E+14	1.71218E+00	2.35345E-02
2.889774E+14	1.71011E+00	2.49913E-02
2.880935E+14	1.70732E+00	2.64313E-02
2.872149E+14	1.70130E+00	2.60115E-02
2.863417E+14	1.69631E+00	2.57658E-02
2.854738E+14	1.69203E+00	2.57333E-02
2.846111E+14	1.68577E+00	2.56856E-02
2.837536E+14	1.68004E+00	2.56419E-02
2.829013E+14	1.67620E+00	2.56126E-02
2.820541E+14	1.66953E+00	2.55616E-02
2.812119E+14	1.66099E+00	2.54961E-02
2.803748E+14	1.65531E+00	2.61739E-02
2.795426E+14	1.64968E+00	2.70152E-02
2.787153E+14	1.64366E+00	2.76078E-02
2.778930E+14	1.63794E+00	2.76600E-02
2.770754E+14	1.63093E+00	2.70526E-02
2.762627E+14	1.61124E+00	2.58997E-02
2.754547E+14	1.60804E+00	2.53354E-02
2.746514E+14	1.59052E+00	2.86311E-02
2.738528E+14	1.58252E+00	3.54831E-02
2.730589E+14	1.56323E+00	4.52589E-02
2.722695E+14	1.55572E+00	5.10837E-02
2.714847E+14	1.53579E+00	5.62744E-02
2.707044E+14	1.51133E+00	6.56629E-02
2.699285E+14	1.48840E+00	8.61140E-02
2.691571E+14	1.47463E+00	8.37531E-02
2.683901E+14	1.48040E+00	1.11226E-01
2.676274E+14	1.45242E+00	1.38096E-01
2.668691E+14	1.37602E+00	1.65743E-01
2.661151E+14	1.34327E+00	2.18227E-01
2.653653E+14	1.34700E+00	2.57599E-01
2.646197E+14	1.36941E+00	5.15882E-01
2.638783E+14	1.64840E+00	5.76902E-01
2.631410E+14	1.63109E+00	5.63666E-01
2.624079E+14	1.76188E+00	4.89278E-01
2.616788E+14	1.83802E+00	4.58173E-01
2.609537E+14	1.85768E+00	3.74890E-01
2.602327E+14	1.95606E+00	2.89127E-01
2.595157E+14	1.89249E+00	2.03525E-01
2.588025E+14	1.87216E+00	1.59446E-01
2.580933E+14	1.83415E+00	1.53616E-01
2.573880E+14	1.82537E+00	1.52456E-01
2.566865E+14	1.78590E+00	1.53198E-01
2.559888E+14	1.77015E+00	1.46962E-01
2.552949E+14	1.77312E+00	1.37246E-01
2.546048E+14	1.75602E+00	1.15122E-01
2.539184E+14	1.74144E+00	1.03222E-01
2.532356E+14	1.72873E+00	9.49411E-02
2.525566E+14	1.69998E+00	9.00409E-02
2.518811E+14	1.69248E+00	8.60544E-02
2.512093E+14	1.65946E+00	8.17774E-02
2.505411E+14	1.65167E+00	8.42915E-02
2.498763E+14	1.62236E+00	8.75467E-02
2.492151E+14	1.61202E+00	9.14106E-02
2.485574E+14	1.58611E+00	9.45242E-02
2.479032E+14	1.57609E+00	9.78041E-02
2.472524E+14	1.56070E+00	1.01663E-01
2.466050E+14	1.53997E+00	1.05341E-01
2.459610E+14	1.52895E+00	1.08771E-01
2.453203E+14	1.49430E+00	1.13655E-01
2.446830E+14	1.48781E+00	1.21259E-01
2.440490E+14	1.45149E+00	1.29527E-01
2.434182E+14	1.44213E+00	1.40733E-01
2.427907E+14	1.40301E+00	1.58542E-01
2.421664E+14	1.40699E+00	1.77446E-01
2.415454E+14	1.36237E+00	1.91986E-01
2.409275E+14	1.33321E+00	2.41760E-01
2.403127E+14	1.32745E+00	2.72675E-01
2.397011E+14	1.32600E+00	2.95914E-01
2.390926E+14	1.32632E+00	3.09875E-01
2.384872E+14	1.28503E+00	3.24031E-01
2.378848E+14	1.28192E+00	3.50025E-01
2.372855E+14	1.25692E+00	3.86803E-01
2.366892E+14	1.22285E+00	4.13993E-01
2.360958E+14	1.16980E+00	4.81599E-01
2.355055E+14	1.16435E+00	5.26785E-01
2.349180E+14	1.15604E+00	6.47144E-01
2.343335E+14	1.14020E+00	7.32485E-01
2.337520E+14	1.22794E+00	7.64849E-01
2.331732E+14	1.26611E+00	8.63822E-01
2.325974E+14	1.36377E+00	9.12956E-01
2.320244E+14	1.41135E+00	9.47795E-01
2.314542E+14	1.45667E+00	9.29297E-01
2.308868E+14	1.54025E+00	9.06811E-01
2.303221E+14	1.55821E+00	8.91021E-01
2.297603E+14	1.58245E+00	8.74063E-01
2.292011E+14	1.57417E+00	8.81484E-01
2.286447E+14	1.57021E+00	8.94298E-01
2.280910E+14	1.57438E+00	9.16113E-01
2.275399E+14	1.59238E+00	9.57481E-01
2.269915E+14	1.58163E+00	9.72740E-01
2.264457E+14	1.62055E+00	1.00837E+00
2.259026E+14	1.63563E+00	1.04540E+00
2.253621E+14	1.63895E+00	1.08779E+00
2.248241E+14	1.69151E+00	1.13372E+00
2.242887E+14	1.71186E+00	1.19911E+00
2.237558E+14	1.77367E+00	1.25832E+00
2.232255E+14	1.87751E+00	1.31626E+00
2.226977E+14	1.97041E+00	1.34372E+00
2.221723E+14	2.09897E+00	1.35633E+00
2.216495E+14	2.17696E+00	1.31745E+00
2.211291E+14	2.32869E+00	1.28535E+00
2.206111E+14	2.40652E+00	1.27061E+00
2.200956E+14	2.51167E+00	1.20277E+00
2.195824E+14	2.56059E+00	1.04495E+00
2.190717E+14	2.60549E+00	9.69139E-01
2.185633E+14	2.62576E+00	8.98635E-01
2.180572E+14	2.63891E+00	8.05365E-01
2.175536E+14	2.64341E+00	7.46987E-01
2.170522E+14	2.64755E+00	6.65442E-01
2.165531E+14	2.61623E+00	6.41032E-01
2.160563E+14	2.62300E+00	5.68039E-01
2.155618E+14	2.58351E+00	5.32501E-01
2.150696E+14	2.57273E+00	4.81369E-01
2.145796E+14	2.54281E+00	4.40272E-01
2.140918E+14	2.50428E+00	4.23489E-01
2.136063E+14	2.50530E+00	3.82727E-01
2.131229E+14	2.46189E+00	3.68995E-01
2.126417E+14	2.45808E+00	3.48155E-01
2.121627E+14	2.41831E+00	3.28436E-01
2.116858E+14	2.41392E+00	3.19931E-01
2.112111E+14	2.38098E+00	3.05727E-01
2.107385E+14	2.37763E+00	2.97150E-01
2.102680E+14	2.34120E+00	2.92631E-01
2.097997E+14	2.33166E+00	2.92780E-01
2.093333E+14	2.31007E+00	2.93429E-01
2.088691E+14	2.29747E+00	2.92631E-01
2.084069E+14	2.27343E+00	2.89740E-01
2.079468E+14	2.26234E+00	2.85619E-01
2.074887E+14	2.25139E+00	2.88389E-01
2.070326E+14	2.23756E+00	2.94707E-01
2.065785E+14	2.23415E+00	3.03556E-01
2.061263E+14	2.22737E+00	3.09854E-01
2.056762E+14	2.22131E+00	3.11680E-01
2.052280E+14	2.21866E+00	3.24719E-01
2.047818E+14	2.22066E+00	3.40299E-01
2.043375E+14	2.22794E+00	3.43639E-01
2.038951E+14	2.23421E+00	3.45723E-01
2.034547E+14	2.24137E+00	3.44754E-01
2.030161E+14	2.25183E+00	3.45163E-01
2.025794E+14	2.26346E+00	3.46111E-01
2.021446E+14	2.27610E+00	3.47872E-01
2.017117E+14	2.28851E+00	3.44896E-01
2.012806E+14	2.29949E+00	3.37243E-01
2.008514E+14	2.30468E+00	3.16397E-01
2.004240E+14	2.31129E+00	3.09381E-01
1.999984E+14	2.32004E+00	3.01184E-01
1.995746E+14	2.32396E+00	2.86573E-01
1.991526E+14	2.32647E+00	2.74354E-01
1.987323E+14	2.32713E+00	2.62939E-01
1.983139E+14	2.32739E+00	2.52824E-01
1.978972E+14	2.32765E+00	2.37445E-01
1.974822E+14	2.32189E+00	2.15198E-01
1.970690E+14	2.31555E+00	2.02338E-01
1.966575E+14	2.31132E+00	1.93189E-01
1.962477E+14	2.30710E+00	1.90190E-01
1.958397E+14	2.30331E+00	1.78641E-01
1.954333E+14	2.29848E+00	1.64257E-01
1.950286E+14	2.28750E+00	1.58382E-01
1.946256E+14	2.27449E+00	1.50875E-01
1.942242E+14	2.26884E+00	1.41801E-01
1.938245E+14	2.26340E+00	1.36430E-01
1.934264E+14	2.25493E+00	1.31232E-01
1.930300E+14	2.23916E+00	1.26291E-01
1.926352E+14	2.23530E+00	1.19096E-01
1.922420E+14	2.22882E+00	1.09605E-01
1.918504E+14	2.22009E+00	1.07570E-01
1.914604E+14	2.20535E+00	1.07409E-01
1.910720E+14	2.19452E+00	1.08559E-01
1.906851E+14	2.18830E+00	1.13280E-01
1.902998E+14	2.16988E+00	1.21061E-01
1.899161E+14	2.16239E+00	1.30103E-01
1.895339E+14	2.16023E+00	1.40395E-01
1.891533E+14	2.16527E+00	1.54845E-01
1.887741E+14	2.17571E+00	1.61204E-01
1.883965E+14	2.18946E+00	1.60137E-01
1.880204E+14	2.20327E+00	1.58709E-01
1.876458E+14	2.21270E+00	1.47333E-01
1.872727E+14	2.21140E+00	1.25355E-01
1.869011E+14	2.20769E+00	1.13962E-01
1.865309E+14	2.20172E+00	1.10583E-01
1.861622E+14	2.18393E+00	1.08231E-01
1.857950E+14	2.17529E+00	1.07844E-01
1.854292E+14	2.17170E+00	1.07205E-01
1.850648E+14	2.17230E+00	1.06413E-01
1.847019E+14	2.17565E+00	1.06690E-01
1.843404E+14	2.18277E+00	1.02912E-01
1.839803E+14	2.18039E+00	9.41929E-02
1.836216E+14	2.17530E+00	8.34993E-02
1.832643E+14	2.17178E+00	7.28715E-02
1.829084E+14	2.16141E+00	6.39957E-02
1.825538E+14	2.14789E+00	5.92379E-02
1.822007E+14	2.14096E+00	5.82496E-02
1.818489E+14	2.13440E+00	5.07592E-02
1.814984E+14	2.12823E+00	4.41478E-02
1.811493E+14	2.12353E+00	4.40991E-02
1.808016E+14	2.11262E+00	4.39857E-02
1.804552E+14	2.10051E+00	4.38595E-02
1.801101E+14	2.09217E+00	4.37723E-02
1.797663E+14	2.08712E+00	4.37194E-02
1.794238E+14	2.08282E+00	4.36743E-02
1.790827E+14	2.07842E+00	4.36282E-02
1.787428E+14	2.06496E+00	4.34868E-02
1.784042E+14	2.05398E+00	4.33710E-02
1.780669E+14	2.05337E+00	4.33646E-02
1.777309E+14	2.04900E+00	4.33183E-02
1.773961E+14	2.04036E+00	4.32270E-02
1.770626E+14	2.02565E+00	4.30709E-02
1.767304E+14	2.02161E+00	4.30279E-02
1.763994E+14	2.01434E+00	4.29505E-02
1.760696E+14	2.00409E+00	4.28410E-02
1.757411E+14	1.99456E+00	4.54232E-02
1.754137E+14	1.98611E+00	5.01852E-02
1.750876E+14	1.97991E+00	5.42100E-02
1.747628E+14	1.96952E+00	5.71787E-02
1.744391E+14	1.95968E+00	5.70356E-02
1.741166E+14	1.95570E+00	5.97903E-02
1.737953E+14	1.93813E+00	6.45438E-02
1.734752E+14	1.93254E+00	6.92919E-02
1.731562E+14	1.92703E+00	7.27147E-02
1.728385E+14	1.90949E+00	7.14426E-02
1.725219E+14	1.90089E+00	7.23782E-02
1.722064E+14	1.86904E+00	7.49215E-02
1.718921E+14	1.86689E+00	8.49290E-02
1.715790E+14	1.83863E+00	9.33765E-02
1.712670E+14	1.83939E+00	1.01186E-01
1.709561E+14	1.81050E+00	1.08119E-01
1.706463E+14	1.80899E+00	1.19646E-01
1.703377E+14	1.78001E+00	1.31679E-01
1.700302E+14	1.76975E+00	1.47891E-01
1.697238E+14	1.74068E+00	1.65494E-01
1.694185E+14	1.71244E+00	1.85192E-01
1.691143E+14	1.71242E+00	2.07007E-01
1.688112E+14	1.67410E+00	2.37136E-01
1.685091E+14	1.62353E+00	2.80678E-01
1.682082E+14	1.58177E+00	2.95956E-01
1.679083E+14	1.58607E+00	3.67062E-01
1.676095E+14	1.52729E+00	4.06735E-01
1.673117E+14	1.51633E+00	5.27094E-01
1.670150E+14	1.52002E+00	6.56689E-01
1.667194E+14	1.49260E+00	7.51630E-01
1.664248E+14	1.63714E+00	8.80347E-01
1.661312E+14	1.60767E+00	9.62403E-01
1.658387E+14	1.90561E+00	1.12788E+00
1.655472E+14	1.97003E+00	1.15816E+00
1.652567E+14	2.10117E+00	1.13967E+00
1.649673E+14	2.39790E+00	1.07177E+00
1.646788E+14	2.49935E+00	9.96596E-01
1.643914E+14	2.56328E+00	7.99362E-01
1.641049E+14	2.62608E+00	7.08066E-01
1.638195E+14	2.61255E+00	6.16263E-01
1.635351E+14	2.59908E+00	5.47095E-01
1.632516E+14	2.55417E+00	4.43855E-01
1.629691E+14	2.53722E+00	3.94856E-01
1.626876E+14	2.49785E+00	3.32411E-01
1.624071E+14	2.49778E+00	3.06285E-01
1.621275E+14	2.45143E+00	2.81970E-01
1.618489E+14	2.42309E+00	2.61184E-01
1.615712E+14	2.41717E+00	2.51955E-01
1.612945E+14	2.37892E+00	2.44197E-01
1.610188E+14	2.37142E+00	2.37728E-01
1.607440E+14	2.35809E+00	2.26784E-01
1.604701E+14	2.34300E+00	2.16636E-01
1.601971E+14	2.33339E+00	2.07506E-01
1.599251E+14	2.29331E+00	2.09368E-01
1.596540E+14	2.29140E+00	2.16704E-01
1.593838E+14	2.25709E+00	2.29769E-01
1.591146E+14	2.25900E+00	2.50315E-01
1.588462E+14	2.23770E+00	2.73480E-01
1.585788E+14	2.24708E+00	2.91373E-01
1.583122E+14	2.25689E+00	3.07757E-01
1.580465E+14	2.26724E+00	3.21269E-01
1.577818E+14	2.27803E+00	3.38932E-01
1.575179E+14	2.30690E+00	3.56138E-01
1.572549E+14	2.34639E+00	3.60401E-01
1.569927E+14	2.36427E+00	3.52053E-01
1.567315E+14	2.39494E+00	3.25453E-01
1.564711E+14	2.43869E+00	3.04334E-01
1.562116E+14	2.46359E+00	2.53268E-01
1.559529E+14	2.46384E+00	2.18754E-01
1.556951E+14	2.45202E+00	1.79989E-01
1.554381E+14	2.44197E+00	1.58000E-01
1.551820E+14	2.43135E+00	1.39745E-01
1.549268E+14	2.40394E+00	1.21757E-01
1.546723E+14	2.40131E+00	1.13898E-01
1.544187E+14	2.36884E+00	1.06881E-01
1.541660E+14	2.36404E+00	9.84259E-02
1.539140E+14	2.34291E+00	9.59443E-02
1.536629E+14	2.34071E+00	9.86802E-02
1.534126E+14	2.30855E+00	1.07316E-01
1.531631E+14	2.30799E+00	1.16940E-01
1.529145E+14	2.31411E+00	1.28940E-01
1.526666E+14	2.32322E+00	1.34998E-01
1.524195E+14	2.33976E+00	1.37739E-01
1.521733E+14	2.35239E+00	1.09629E-01
1.519278E+14	2.35904E+00	9.41892E-02
1.516831E+14	2.35255E+00	8.15289E-02
1.514392E+14	2.34273E+00	6.75939E-02
1.511961E+14	2.33288E+00	4.96759E-02
1.509538E+14	2.31947E+00	4.41856E-02
1.507122E+14	2.30497E+00	4.62837E-02
1.504714E+14	2.29885E+00	4.70332E-02
1.502314E+14	2.27497E+00	4.88254E-02
1.499921E+14	2.27045E+00	5.28419E-02
1.497536E+14	2.26387E+00	5.95289E-02
1.495159E+14	2.27449E+00	6.57760E-02
1.492789E+14	2.31035E+00	5.80906E-02
1.490427E+14	2.30527E+00	4.77523E-02
1.488072E+14	2.28128E+00	3.52890E-02
1.485725E+14	2.27966E+00	3.09214E-02
1.483385E+14	2.26225E+00	2.97549E-02
1.481052E+14	2.25480E+00	2.97058E-02
1.478727E+14	2.25081E+00	2.96795E-02
1.476409E+14	2.24434E+00	2.96368E-02
1.474098E+14	2.23671E+00	2.95864E-02
1.471794E+14	2.22801E+00	2.95288E-02
1.469498E+14	2.22617E+00	2.95166E-02
1.467209E+14	2.22428E+00	2.95041E-02
1.464926E+14	2.22119E+00	2.94836E-02
1.462651E+14	2.21503E+00	2.94427E-02
1.460384E+14	2.20715E+00	3.05336E-02
1.458123E+14	2.20165E+00	3.94761E-02
1.455869E+14	2.19601E+00	4.47114E-02
1.453622E+14	2.19004E+00	4.56516E-02
1.451382E+14	2.18990E+00	5.98991E-02
1.449148E+14	2.19050E+00	7.08849E-02
1.446922E+14	2.19092E+00	8.01612E-02
1.444703E+14	2.19696E+00	9.15882E-02
1.442490E+14	2.20641E+00	1.05680E-01
1.440284E+14	2.22071E+00	1.04455E-01
1.438085E+14	2.23469E+00	1.00808E-01
1.435892E+14	2.24728E+00	9.06187E-02
1.433706E+14	2.25481E+00	8.04909E-02
1.431527E+14	2.25928E+00	7.05366E-02
1.429355E+14	2.26033E+00	5.94854E-02
1.427189E+14	2.25967E+00	4.90638E-02
1.425029E+14	2.25527E+00	4.30815E-02
1.422876E+14	2.25304E+00	3.70399E-02
1.420730E+14	2.25206E+00	3.08389E-02
1.418590E+14	2.24650E+00	3.02944E-02
1.416457E+14	2.24074E+00	3.10263E-02
1.414330E+14	2.23491E+00	3.16992E-02
1.412209E+14	2.23282E+00	3.18964E-02
1.410095E+14	2.23022E+00	3.15574E-02
1.407987E+14	2.22483E+00	3.14615E-02
1.405885E+14	2.21951E+00	3.12589E-02
1.403789E+14	2.21425E+00	3.01575E-02
1.401700E+14	2.21079E+00	2.95395E-02
1.399617E+14	2.20856E+00	2.94182E-02
1.397540E+14	2.20920E+00	2.94039E-02
1.395470E+14	2.20788E+00	2.93951E-02
1.393405E+14	2.20533E+00	2.93781E-02
1.391347E+14	2.20484E+00	2.93749E-02
1.389294E+14	2.20275E+00	2.93610E-02
1.387248E+14	2.19633E+00	2.94943E-02
1.385208E+14	2.19340E+00	2.96162E-02
1.383173E+14	2.19261E+00	2.93990E-02
1.381145E+14	2.19257E+00	2.92931E-02
1.379122E+14	2.19237E+00	2.92917E-02
1.377106E+14	2.19168E+00	2.92871E-02
1.375095E+14	2.18712E+00	2.92567E-02
1.373091E+14	2.18025E+00	2.92107E-02
1.371092E+14	2.17998E+00	2.92089E-02
1.369098E+14	2.17975E+00	2.92073E-02
1.367111E+14	2.17896E+00	2.92020E-02
1.365130E+14	2.17783E+00	2.90824E-02
1.363154E+14	2.17652E+00	2.84404E-02
1.361184E+14	2.17628E+00	2.71573E-02
1.359219E+14	2.17614E+00	2.52572E-02
1.357260E+14	2.17614E+00	2.51461E-02
1.355307E+14	2.17594E+00	2.53174E-02
1.353360E+14	2.17562E+00	2.53156E-02
1.351418E+14	2.16793E+00	2.52708E-02
1.349482E+14	2.16232E+00	2.52381E-02
1.347551E+14	2.16186E+00	2.27308E-02
1.345625E+14	2.16168E+00	2.37166E-02
1.343706E+14	2.16167E+00	2.52940E-02
1.341791E+14	2.16167E+00	2.60501E-02
1.339882E+14	2.16164E+00	2.54189E-02
1.337979E+14	2.16154E+00	2.52335E-02
1.336081E+14	2.15806E+00	2.52132E-02
1.334188E+14	2.15276E+00	2.51822E-02
1.332301E+14	2.15061E+00	2.51696E-02
1.330419E+14	2.14918E+00	2.51612E-02
1.328542E+14	2.14918E+00	2.51612E-02
1.326671E+14	2.14918E+00	2.51612E-02
1.324805E+14	2.14918E+00	2.51612E-02
1.322944E+14	2.14918E+00	2.51612E-02
1.321088E+14	2.14862E+00	2.51580E-02
1.319238E+14	2.14689E+00	2.51478E-02
1.317392E+14	2.14599E+00	2.51426E-02
1.315552E+14	2.14551E+00	2.51398E-02
1.313717E+14	2.14541E+00	2.51392E-02
1.311887E+14	2.14534E+00	2.51388E-02
1.310062E+14	2.14534E+00	2.51388E-02
1.308243E+14	2.14534E+00	2.51388E-02
1.306428E+14	2.14534E+00	2.51388E-02
1.304618E+14	2.14063E+00	2.51112E-02
1.302814E+14	2.13618E+00	2.50851E-02
1.301014E+14	2.13227E+00	2.50621E-02
1.299219E+14	2.13097E+00	2.50545E-02
1.297429E+14	2.13097E+00	2.50545E-02
1.295645E+14	2.13097E+00	2.50545E-02
1.293865E+14	2.13097E+00	2.50545E-02
1.292090E+14	2.13097E+00	2.50545E-02
1.290319E+14	2.13097E+00	2.50545E-02
1.288554E+14	2.13097E+00	2.50544E-02
1.286794E+14	2.13060E+00	2.50523E-02
1.285038E+14	2.12847E+00	2.50398E-02
1.283287E+14	2.12300E+00	2.50075E-02
1.281541E+14	2.12058E+00	2.49933E-02
1.279799E+14	2.11959E+00	2.49875E-02
1.278063E+14	2.11897E+00	2.49838E-02
1.276331E+14	2.11856E+00	2.49814E-02
1.274603E+14	2.11856E+00	2.49814E-02
1.272881E+14	2.11878E+00	2.49827E-02
1.271163E+14	2.11908E+00	2.49844E-02
1.269449E+14	2.11876E+00	2.49826E-02
1.267741E+14	2.11782E+00	2.49770E-02
1.266037E+14	2.11574E+00	2.49648E-02
1.264337E+14	2.11495E+00	2.49601E-02
1.262642E+14	2.11475E+00	2.49589E-02
1.260951E+14	2.11475E+00	2.50905E-02
1.259266E+14	2.11475E+00	2.54026E-02
1.257584E+14	2.11475E+00	2.53547E-02
1.255907E+14	2.11475E+00	2.51912E-02
1.254235E+14	2.11474E+00	2.50278E-02
1.252567E+14	2.11454E+00	2.49577E-02
1.250903E+14	2.11232E+00	2.49446E-02
1.249244E+14	2.10666E+00	2.49111E-02
1.247589E+14	2.10308E+00	2.48900E-02
1.245939E+14	2.10049E+00	2.48746E-02
1.244292E+14	2.10049E+00	2.48746E-02
1.242651E+14	2.10049E+00	2.48746E-02
1.241013E+14	2.10049E+00	2.48746E-02
1.239380E+14	2.10049E+00	2.48746E-02
1.237751E+14	2.10049E+00	2.48746E-02
1.236127E+14	2.10049E+00	2.48746E-02
1.234507E+14	2.10049E+00	2.48746E-02
1.232891E+14	2.10049E+00	2.48746E-02
1.231279E+14	2.09761E+00	2.48576E-02
1.229671E+14	2.09371E+00	2.48344E-02
1.228068E+14	2.09220E+00	2.48255E-02
1.226469E+14	2.09121E+00	2.48196E-02
1.224874E+14	2.09105E+00	2.48187E-02
1.223283E+14	2.09101E+00	2.48184E-02
1.221696E+14	2.09101E+00	2.48184E-02
1.220113E+14	2.09101E+00	2.48184E-02
1.218535E+14	2.09095E+00	2.48181E-02
1.216960E+14	2.09079E+00	2.48172E-02
1.215390E+14	2.08963E+00	2.48102E-02
1.213823E+14	2.08805E+00	2.48009E-02
1.212261E+14	2.08609E+00	2.47892E-02
1.210703E+14	2.08498E+00	2.47826E-02
1.209148E+14	2.08519E+00	2.47839E-02
1.207598E+14	2.08528E+00	2.47844E-02
1.206051E+14	2.08530E+00	2.47845E-02
1.204509E+14	2.08478E+00	2.47814E-02
1.202971E+14	2.08221E+00	2.47662E-02
1.201436E+14	2.07659E+00	2.47327E-02
1.199905E+14	2.07295E+00	2.47110E-02
1.198379E+14	2.07023E+00	2.46948E-02
1.196856E+14	2.07023E+00	2.46948E-02
1.195337E+14	2.07023E+00	2.46948E-02
1.193822E+14	2.07023E+00	2.46948E-02
1.192310E+14	2.07019E+00	2.46946E-02
1.190803E+14	2.06984E+00	2.46925E-02
1.189299E+14	2.06593E+00	2.46692E-02
1.187799E+14	2.06345E+00	2.46543E-02
1.186303E+14	2.06298E+00	2.46516E-02
1.184811E+14	2.05964E+00	2.47821E-02
1.183322E+14	2.05566E+00	2.52709E-02
1.181837E+14	2.05534E+00	2.67483E-02
1.180356E+14	2.05511E+00	2.87975E-02
1.178879E+14	2.05499E+00	3.04292E-02
1.177405E+14	2.05142E+00	3.00924E-02
1.175935E+14	2.04671E+00	2.93497E-02
1.174468E+14	2.04196E+00	2.89991E-02
1.173006E+14	2.03561E+00	2.90560E-02
1.171546E+14	2.02709E+00	2.95135E-02
1.170091E+14	2.02145E+00	3.05489E-02
1.168639E+14	2.01674E+00	3.41678E-02
1.167191E+14	2.01247E+00	4.01453E-02
1.165746E+14	2.00697E+00	4.84487E-02
1.164305E+14	1.99965E+00	7.09280E-02
1.162867E+14	2.00618E+00	9.52337E-02
1.161433E+14	2.02050E+00	1.18169E-01
1.160003E+14	2.05759E+00	1.37121E-01
1.158576E+14	2.08642E+00	1.46146E-01
1.157152E+14	2.11227E+00	1.35158E-01
1.155733E+14	2.13397E+00	8.49702E-02
1.154316E+14	2.13998E+00	5.95377E-02
1.152903E+14	2.13400E+00	4.32043E-02
1.151493E+14	2.12608E+00	3.74668E-02
1.150087E+14	2.11856E+00	3.42444E-02
1.148685E+14	2.11317E+00	3.19710E-02
1.147285E+14	2.10731E+00	3.02335E-02
1.145890E+14	2.10109E+00	2.92558E-02
1.144497E+14	2.09986E+00	2.88571E-02
1.143108E+14	2.09795E+00	2.86540E-02
1.141722E+14	2.09199E+00	2.86133E-02
1.140340E+14	2.08793E+00	2.85856E-02
1.138961E+14	2.08530E+00	2.85675E-02
1.137585E+14	2.08066E+00	2.85357E-02
1.136213E+14	2.07600E+00	2.85038E-02
1.134844E+14	2.07193E+00	2.84758E-02
1.133478E+14	2.07020E+00	2.84639E-02
1.132115E+14	2.07020E+00	2.84639E-02
1.130756E+14	2.07020E+00	2.84639E-02
1.129400E+14	2.06956E+00	2.84595E-02
1.128048E+14	2.06694E+00	2.84415E-02
1.126698E+14	2.06506E+00	2.84286E-02
1.125352E+14	2.06372E+00	2.84194E-02
1.124009E+14	2.06361E+00	2.84186E-02
1.122669E+14	2.06353E+00	2.84181E-02
1.121332E+14	2.06323E+00	2.84159E-02
1.119999E+14	2.06030E+00	2.83958E-02
1.118669E+14	2.05553E+00	2.83629E-02
1.117341E+14	2.05515E+00	2.83603E-02
1.116017E+14	2.05515E+00	2.83603E-02
1.114697E+14	2.05515E+00	2.83603E-02
1.113379E+14	2.05515E+00	2.84506E-02
1.112064E+14	2.05515E+00	2.86557E-02
1.110753E+14	2.05515E+00	2.89656E-02
1.109444E+14	2.05417E+00	2.91655E-02
1.108139E+14	2.05043E+00	2.91568E-02
1.106837E+14	2.04577E+00	2.91416E-02
1.105537E+14	2.04051E+00	2.88278E-02
1.104241E+14	2.04016E+00	2.84242E-02
1.102948E+14	2.04016E+00	2.83221E-02
1.101658E+14	2.04016E+00	2.82567E-02
1.100371E+14	2.03899E+00	2.82486E-02
1.099087E+14	2.03705E+00	2.82351E-02
1.097806E+14	2.03506E+00	2.82213E-02
1.096527E+14	2.03362E+00	2.82113E-02
1.095252E+14	2.03362E+00	2.82113E-02
1.093980E+14	2.03362E+00	2.82113E-02
1.092711E+14	2.03362E+00	2.82113E-02
1.091445E+14	2.03097E+00	2.81930E-02
1.090181E+14	2.02832E+00	2.81746E-02
1.088921E+14	2.02608E+00	2.81590E-02
1.087663E+14	2.02522E+00	2.81530E-02
1.086409E+14	2.02522E+00	2.81530E-02
1.085157E+14	2.02522E+00	2.81530E-02
1.083908E+14	2.02440E+00	2.81473E-02
1.082662E+14	2.02150E+00	2.81271E-02
1.081419E+14	2.01684E+00	2.80947E-02
1.080179E+14	2.01110E+00	2.80547E-02
1.078941E+14	2.01055E+00	2.80509E-02
1.077707E+14	2.01034E+00	2.80494E-02
1.076475E+14	2.01034E+00	2.80494E-02
1.075246E+14	2.00983E+00	2.80458E-02
1.074020E+14	2.00902E+00	2.80402E-02
1.072796E+14	2.00602E+00	2.80192E-02
1.071576E+14	2.00384E+00	2.80040E-02
1.070358E+14	2.00384E+00	2.80040E-02
1.069143E+14	2.00189E+00	2.79904E-02
1.067930E+14	1.99881E+00	2.84803E-02
1.066721E+14	1.99684E+00	2.91680E-02
1.065514E+14	1.99549E+00	2.97644E-02
1.064310E+14	1.99549E+00	3.01721E-02
1.063109E+14	1.99546E+00	3.02729E-02
1.061910E+14	1.99541E+00	3.00793E-02
1.060714E+14	1.99153E+00	2.97664E-02
1.059521E+14	1.98729E+00	2.97347E-02
1.058330E+14	1.98245E+00	2.96985E-02
1.057142E+14	1.98072E+00	2.96855E-02
1.055957E+14	1.98072E+00	2.96855E-02
1.054774E+14	1.98072E+00	2.96855E-02
1.053595E+14	1.98007E+00	2.96807E-02
1.052417E+14	1.97801E+00	2.96652E-02
1.051243E+14	1.97449E+00	2.96388E-02
1.050070E+14	1.97016E+00	3.02742E-02
1.048901E+14	1.96766E+00	3.14214E-02
1.047734E+14	1.96545E+00	3.58459E-02
1.046570E+14	1.96388E+00	3.79338E-02
1.045408E+14	1.96013E+00	3.10902E-02
1.044249E+14	1.95514E+00	2.97684E-02
1.043093E+14	1.95284E+00	3.14237E-02
1.041939E+14	1.95040E+00	3.46460E-02
1.040787E+14	1.94761E+00	3.97754E-02
1.039638E+14	1.94321E+00	4.64772E-02
1.038492E+14	1.93805E+00	4.93682E-02
1.037348E+14	1.93710E+00	5.09212E-02
1.036207E+14	1.93576E+00	5.11027E-02
1.035068E+14	1.93351E+00	5.22343E-02
1.033932E+14	1.92899E+00	5.46574E-02
1.032798E+14	1.92335E+00	5.66080E-02
1.031667E+14	1.92243E+00	5.84240E-02
1.030538E+14	1.92037E+00	5.96707E-02
1.029411E+14	1.91603E+00	6.20591E-02
1.028288E+14	1.91159E+00	6.60268E-02
1.027166E+14	1.90715E+00	6.94788E-02
1.026047E+14	1.90693E+00	7.29202E-02
1.024930E+14	1.90550E+00	7.67454E-02
1.023816E+14	1.90171E+00	8.10294E-02
1.022705E+14	1.89714E+00	8.59596E-02
1.021595E+14	1.89217E+00	9.25866E-02
1.020488E+14	1.88889E+00	9.95570E-02
1.019384E+14	1.88462E+00	1.04679E-01
1.018282E+14	1.87835E+00	1.10964E-01
1.017182E+14	1.87466E+00	1.18897E-01
1.016085E+14	1.87215E+00	1.26400E-01
1.014990E+14	1.86603E+00	1.33442E-01
1.013897E+14	1.86245E+00	1.38975E-01
1.012807E+14	1.86333E+00	1.47724E-01
1.011719E+14	1.86754E+00	1.62409E-01
1.010633E+14	1.87358E+00	1.71858E-01
1.009550E+14	1.87872E+00	1.80574E-01
1.008469E+14	1.88493E+00	1.92420E-01
1.007390E+14	1.89358E+00	1.99777E-01
1.006314E+14	1.90265E+00	2.01438E-01
1.005240E+14	1.91153E+00	2.08636E-01
1.004168E+14	1.92209E+00	2.16594E-01
1.003098E+14	1.93225E+00	2.18363E-01
1.002031E+14	1.94133E+00	2.16008E-01
1.000966E+14	1.94854E+00	2.08634E-01
9.999034E+13	1.95448E+00	2.06012E-01
9.988430E+13	1.95830E+00	2.05983E-01
9.977848E+13	1.96066E+00	2.06938E-01
9.967288E+13	1.96067E+00	2.06832E-01
9.956751E+13	1.96073E+00	2.05629E-01
9.946236E+13	1.96097E+00	2.01079E-01
9.935744E+13	1.96122E+00	1.96091E-01
9.925273E+13	1.96024E+00	1.93918E-01
9.914824E+13	1.95724E+00	1.95668E-01
9.904398E+13	1.95218E+00	1.98059E-01
9.893993E+13	1.94649E+00	2.01344E-01
9.883610E+13	1.94618E+00	2.04532E-01
9.873249E+13	1.94516E+00	2.03828E-01
9.862910E+13	1.94240E+00	2.07689E-01
9.852592E+13	1.94080E+00	2.18261E-01
9.842296E+13	1.94007E+00	2.26825E-01
9.832021E+13	1.94246E+00	2.34800E-01
9.821768E+13	1.94387E+00	2.41018E-01
9.811536E+13	1.94361E+00	2.46886E-01
9.801325E+13	1.94673E+00	2.52761E-01
9.791136E+13	1.95106E+00	2.58723E-01
9.780968E+13	1.95376E+00	2.64341E-01
9.770821E+13	1.95856E+00	2.67403E-01
9.760695E+13	1.96613E+00	2.74769E-01
9.750590E+13	1.97363E+00	2.84645E-01
9.740505E+13	1.98141E+00	2.91124E-01
9.730442E+13	1.98902E+00	2.96099E-01
9.720399E+13	1.99706E+00	2.97000E-01
9.710378E+13	2.00540E+00	2.96728E-01
9.700376E+13	2.01361E+00	2.95184E-01
9.690396E+13	2.02196E+00	2.91111E-01
9.680435E+13	2.03048E+00	2.86602E-01
9.670496E+13	2.03803E+00	2.82639E-01
9.660576E+13	2.04426E+00	2.77370E-01
9.650678E+13	2.05096E+00	2.70520E-01
9.640799E+13	2.05712E+00	2.70189E-01
9.630940E+13	2.05994E+00	2.68937E-01
9.621102E+13	2.06308E+00	2.63042E-01
9.611284E+13	2.06634E+00	2.55562E-01
9.601485E+13	2.06934E+00	2.46460E-01
9.591707E+13	2.07140E+00	2.43894E-01
9.581949E+13	2.06841E+00	2.42021E-01
9.572210E+13	2.06613E+00	2.35505E-01
9.562491E+13	2.06443E+00	2.29891E-01
9.552792E+13	2.06348E+00	2.25172E-01
9.543113E+13	2.06263E+00	2.18496E-01
9.533453E+13	2.05855E+00	2.11576E-01
9.523813E+13	2.05453E+00	2.09594E-01
9.514192E+13	2.05082E+00	2.09602E-01
9.504590E+13	2.04976E+00	2.10958E-01
9.495008E+13	2.04920E+00	2.10802E-01
9.485446E+13	2.04378E+00	2.10187E-01
9.475902E+13	2.03724E+00	2.09851E-01
9.466378E+13	2.02917E+00	2.09436E-01
9.456873E+13	2.02259E+00	2.09097E-01
9.447386E+13	2.01638E+00	2.08777E-01
9.437919E+13	2.00924E+00	2.09059E-01
9.428471E+13	2.00786E+00	2.05034E-01
9.419042E+13	2.00647E+00	2.01012E-01
9.409632E+13	2.00509E+00	1.96993E-01
9.400240E+13	2.00370E+00	1.92977E-01
9.390867E+13	2.00231E+00	1.88965E-01
9.381513E+13	2.00091E+00	1.84955E-01
9.372177E+13	1.99952E+00	1.80949E-01
9.362860E+13	1.99811E+00	1.76945E-01
9.353562E+13	1.99671E+00	1.72945E-01
9.344281E+13	1.99530E+00	1.68948E-01
9.335020E+13	1.99389E+00	1.64954E-01
9.325776E+13	1.99248E+00	1.60963E-01
9.316551E+13	1.99106E+00	1.56975E-01
9.307345E+13	1.98964E+00	1.52990E-01
9.298156E+13	1.98821E+00	1.49009E-01
9.288985E+13	1.98679E+00	1.45030E-01
9.279833E+13	1.98536E+00	1.41055E-01
9.270698E+13	1.98392E+00	1.37082E-01
9.261582E+13	1.98249E+00	1.33113E-01
9.252483E+13	1.98105E+00	1.29147E-01
9.243403E+13	1.97960E+00	1.25184E-01
9.234340E+13	1.97815E+00	1.21224E-01
9.225295E+13	1.97670E+00	1.17267E-01
9.216267E+13	1.97525E+00	1.13313E-01
9.207257E+13	1.97380E+00	1.09362E-01
9.198265E+13	1.97234E+00	1.05415E-01
9.189291E+13	1.97087E+00	1.01470E-01
9.180333E+13	1.96941E+00	9.75287E-02
9.171394E+13	1.96794E+00	9.35904E-02
9.162471E+13	1.96646E+00	8.96552E-02
9.153566E+13	1.96499E+00	8.57231E-02
9.144679E+13	1.96351E+00	8.17940E-02
9.135808E+13	1.96203E+00	7.78681E-02
9.126955E+13	1.96054E+00	7.39453E-02
9.118119E+13	1.95905E+00	7.00256E-02
9.109300E+13	1.95756E+00	6.61089E-02
9.100498E+13	1.95606E+00	6.21954E-02
9.091713E+13	1.95457E+00	5.82850E-02
9.082945E+13	1.95306E+00	5.43776E-02
9.074194E+13	1.95156E+00	5.04734E-02
9.065460E+13	1.95005E+00	4.65722E-02
9.056742E+13	1.94854E+00	4.26742E-02
9.048041E+13	1.94702E+00	3.87792E-02
9.039357E+13	1.94551E+00	3.48874E-02
9.030690E+13	1.94398E+00	3.09986E-02
9.022039E+13	1.94246E+00	2.71129E-02
9.013405E+13	1.94093E+00	2.32304E-02
9.004787E+13	1.93940E+00	1.93509E-02
8.996186E+13	1.93787E+00	1.54745E-02
8.987601E+13	1.93633E+00	1.16012E-02
8.979033E+13	1.93479E+00	7.73107E-03
8.970481E+13	1.93324E+00	3.86399E-03
8.961945E+13	1.93170E+00	0.00000E+00