2.38525E+18	9.99760E-01	2.17974E-05
2.32904E+18	9.99740E-01	2.38569E-05
2.27282E+18	9.99740E-01	2.61566E-05
2.21813E+18	9.99720E-01	2.86360E-05
2.16648E+18	9.99700E-01	3.12353E-05
2.11482E+18	9.99700E-01	3.41549E-05
2.06317E+18	9.99680E-01	3.74340E-05
2.01455E+18	9.99660E-01	4.08731E-05
1.96593E+18	9.99640E-01	4.47519E-05
1.91883E+18	9.99620E-01	4.89307E-05
1.87326E+18	9.99620E-01	5.34498E-05
1.82920E+18	9.99600E-01	5.83083E-05
1.78514E+18	9.99580E-01	6.37666E-05
1.74260E+18	9.99560E-01	6.96447E-05
1.70006E+18	9.99520E-01	7.62217E-05
1.66056E+18	9.99500E-01	8.30792E-05
1.62106E+18	9.99480E-01	9.07164E-05
1.58156E+18	9.99460E-01	9.92732E-05
1.54358E+18	9.99420E-01	1.08429E-04
1.50711E+18	9.99400E-01	1.18265E-04
1.47065E+18	9.99360E-01	1.29319E-04
1.43571E+18	9.99340E-01	1.41173E-04
1.40228E+18	9.99300E-01	1.53666E-04
1.36886E+18	9.99280E-01	1.67220E-04
1.33544E+18	9.99240E-01	1.82351E-04
1.30353E+18	9.99200E-01	1.98481E-04
1.27315E+18	9.99160E-01	2.15909E-04
1.24276E+18	9.99120E-01	2.35696E-04
1.21238E+18	9.99080E-01	2.57681E-04
1.18351E+18	9.99020E-01	2.81262E-04
1.15464E+18	9.98980E-01	3.06843E-04
1.12730E+18	9.98920E-01	3.34020E-04
1.10147E+18	9.98880E-01	3.62397E-04
1.07412E+18	9.98820E-01	3.95966E-04
1.04829E+18	9.98760E-01	4.29534E-04
1.02399E+18	9.98700E-01	4.64898E-04
9.99678E+17	9.98640E-01	5.06855E-04
9.75370E+17	9.98560E-01	5.53801E-04
9.52581E+17	9.98500E-01	6.01349E-04
9.29792E+17	9.98421E-01	6.53483E-04
9.07003E+17	9.98341E-01	7.11409E-04
8.85733E+17	9.98261E-01	7.71728E-04
8.64463E+17	9.98181E-01	8.39036E-04
8.43193E+17	9.98081E-01	9.14721E-04
8.23443E+17	9.97981E-01	9.93196E-04
8.03692E+17	9.97881E-01	2.96885E-04
7.83942E+17	9.97781E-01	3.23840E-04
7.65711E+17	9.97681E-01	3.51592E-04
7.47480E+17	9.97561E-01	3.81534E-04
7.29248E+17	9.97442E-01	4.15468E-04
7.12536E+17	9.97322E-01	4.51394E-04
6.95824E+17	9.97182E-01	4.89309E-04
6.79113E+17	9.97042E-01	5.33210E-04
6.62401E+17	9.96902E-01	5.79101E-04
6.47208E+17	9.96743E-01	6.28973E-04
6.30496E+17	9.96563E-01	6.86817E-04
6.16823E+17	9.96423E-01	7.40672E-04
6.01630E+17	9.96243E-01	8.06481E-04
5.86437E+17	9.96044E-01	8.78258E-04
5.72764E+17	9.95844E-01	9.52016E-04
5.59090E+17	9.95644E-01	1.03374E-03
5.45417E+17	9.95425E-01	1.12342E-03
5.33263E+17	9.95205E-01	1.21109E-03
5.19589E+17	9.94946E-01	1.32065E-03
5.07435E+17	9.94707E-01	1.43020E-03
4.95281E+17	9.94447E-01	1.54968E-03
4.83127E+17	9.94168E-01	1.68307E-03
4.72492E+17	9.93908E-01	1.81246E-03
4.60338E+17	9.93569E-01	1.97562E-03
4.49703E+17	9.93270E-01	2.13279E-03
4.39068E+17	9.92931E-01	2.31179E-03
4.28433E+17	9.92592E-01	2.49073E-03
4.17799E+17	9.92193E-01	2.70936E-03
4.08683E+17	9.91855E-01	2.90809E-03
3.98048E+17	9.91416E-01	3.16633E-03
3.88932E+17	9.90997E-01	3.40458E-03
3.79817E+17	9.90559E-01	3.68250E-03
3.70701E+17	9.90101E-01	3.98016E-03
3.61586E+17	9.89583E-01	4.29745E-03
3.52470E+17	9.89045E-01	4.65431E-03
3.44874E+17	9.88567E-01	4.97135E-03
3.35758E+17	9.87929E-01	5.40709E-03
3.28162E+17	9.87372E-01	5.80303E-03
3.20565E+17	9.86754E-01	6.23830E-03
3.12969E+17	9.86117E-01	6.69309E-03
3.05373E+17	9.85420E-01	7.20693E-03
2.97776E+17	9.84664E-01	7.74002E-03
2.90180E+17	9.83848E-01	8.35180E-03
2.84103E+17	9.83151E-01	8.86446E-03
2.76507E+17	9.82216E-01	9.55401E-03
2.70430E+17	9.81421E-01	1.01247E-02
2.64353E+17	9.80546E-01	1.07738E-02
2.58275E+17	9.79670E-01	1.14817E-02
2.52198E+17	9.78676E-01	1.22475E-02
2.46121E+17	9.77484E-01	1.30904E-02
2.40044E+17	9.76490E-01	1.38150E-02
2.33967E+17	9.75103E-01	1.44175E-02
2.29713E+17	9.74313E-01	1.44117E-02
2.24244E+17	9.73124E-01	1.49948E-02
2.19078E+17	9.72130E-01	1.59732E-02
2.14065E+17	9.71131E-01	1.75419E-02
2.09355E+17	9.70718E-01	1.95089E-02
2.04797E+17	9.70899E-01	2.10876E-02
2.00391E+17	9.71672E-01	2.24762E-02
1.96289E+17	9.73651E-01	2.19070E-02
1.92187E+17	9.74441E-01	2.19158E-02
1.88389E+17	9.74865E-01	1.91556E-02
1.84743E+17	9.73110E-01	1.67705E-02
1.81097E+17	9.70353E-01	1.63527E-02
1.77754E+17	9.68361E-01	1.88947E-02
1.74412E+17	9.69733E-01	1.94990E-02
1.71221E+17	9.68962E-01	1.77192E-02
1.68183E+17	9.64630E-01	1.82689E-02
1.65296E+17	9.65643E-01	3.12530E-02
1.62410E+17	9.73465E-01	2.09180E-02
1.59675E+17	9.71745E-01	1.47870E-02
1.56940E+17	9.68017E-01	1.27907E-02
1.54358E+17	9.64867E-01	1.33593E-02
1.51912E+17	9.62901E-01	1.37382E-02
1.49496E+17	9.60935E-01	1.43124E-02
1.47156E+17	9.59167E-01	1.48869E-02
1.44893E+17	9.58187E-01	1.48793E-02
1.42705E+17	9.56024E-01	1.62315E-02
1.40578E+17	9.54453E-01	1.69998E-02
1.38512E+17	9.52685E-01	1.81555E-02
1.36491E+17	9.49934E-01	2.00788E-02
1.25583E+17	9.27744E-01	3.83433E-02
1.17728E+17	9.22626E-01	4.34282E-02
1.10800E+17	9.13723E-01	4.66626E-02
1.04647E+17	9.03421E-01	5.34406E-02
9.91474E+16	8.93415E-01	6.33686E-02
9.41794E+16	8.85212E-01	7.04317E-02
8.96976E+16	8.79060E-01	8.20336E-02
8.56259E+16	8.67981E-01	8.61907E-02
8.19037E+16	8.56810E-01	9.64184E-02
7.84854E+16	8.47112E-01	1.06606E-01
7.53405E+16	8.35564E-01	1.19132E-01
7.24539E+16	8.23739E-01	1.32205E-01
6.97648E+16	8.43064E-01	1.25215E-01
6.72732E+16	8.36181E-01	1.37625E-01
6.49487E+16	8.28124E-01	1.49847E-01
6.27913E+16	8.25469E-01	1.64340E-01
6.07707E+16	8.14185E-01	1.66888E-01
5.88716E+16	8.02965E-01	1.69388E-01
5.70789E+16	7.91421E-01	1.75420E-01
5.54077E+16	7.77095E-01	1.90032E-01
5.38125E+16	7.65155E-01	1.99332E-01
5.23236E+16	7.54729E-01	2.10480E-01
5.09107E+16	7.40516E-01	2.22720E-01
4.95737E+16	7.31187E-01	2.37284E-01
4.82975E+16	7.15428E-01	2.47104E-01
4.70973E+16	6.99865E-01	2.65512E-01
4.59426E+16	6.85464E-01	2.85610E-01
4.48488E+16	6.71521E-01	3.02040E-01
4.38005E+16	6.57789E-01	3.16540E-01
4.28130E+16	6.43125E-01	3.34108E-01
4.18558E+16	6.28160E-01	3.58392E-01
4.09443E+16	6.13200E-01	3.80722E-01
4.00783E+16	5.98469E-01	4.06500E-01
3.92427E+16	5.79964E-01	4.36320E-01
3.84375E+16	5.66892E-01	4.53456E-01
3.79817E+16	4.31664E-01	4.76450E-01
3.76778E+16	5.54809E-01	4.81800E-01
3.69334E+16	5.42732E-01	5.17776E-01
3.64624E+16	4.26384E-01	5.64750E-01
3.62193E+16	5.31987E-01	5.52916E-01
3.55357E+16	5.23765E-01	5.93652E-01
3.49432E+16	4.10720E-01	6.71832E-01
3.48824E+16	5.19264E-01	6.29090E-01
3.42443E+16	5.09220E-01	6.70752E-01
3.36366E+16	5.02341E-01	7.12940E-01
3.34239E+16	4.04809E-01	7.65120E-01
3.30441E+16	4.91389E-01	7.49700E-01
3.24819E+16	4.89749E-01	7.92420E-01
3.19198E+16	4.91877E-01	8.20364E-01
3.19046E+16	4.03029E-01	8.76620E-01
3.13881E+16	4.96035E-01	8.56828E-01
3.03853E+16	3.95656E-01	1.00503E+00
2.96257E+16	3.96872E-01	1.07765E+00
2.88661E+16	3.97579E-01	1.16358E+00
2.81064E+16	4.01000E-01	1.25516E+00
2.73468E+16	4.08905E-01	1.36277E+00
2.69670E+16	4.16264E-01	1.42545E+00
2.65872E+16	4.35501E-01	1.49850E+00
2.62074E+16	4.78731E-01	1.57178E+00
2.58275E+16	5.59360E-01	1.64659E+00
2.54477E+16	6.78151E-01	1.71972E+00
2.50679E+16	7.22744E-01	1.71687E+00
2.46881E+16	7.93167E-01	1.70394E+00
2.43083E+16	8.59495E-01	1.68065E+00
2.39285E+16	8.93475E-01	1.65627E+00
2.35486E+16	8.89168E-01	1.63142E+00
2.31688E+16	8.73288E-01	1.63147E+00
2.27890E+16	8.58703E-01	1.66090E+00
2.24092E+16	8.34504E-01	1.73665E+00
2.20294E+16	8.33584E-01	1.84269E+00
2.16496E+16	8.62224E-01	1.95755E+00
2.12697E+16	9.47361E-01	2.04424E+00
2.08899E+16	1.11038E+00	2.09880E+00
2.05101E+16	1.25714E+00	2.11265E+00
2.01303E+16	1.30962E+00	2.07021E+00
1.97505E+16	1.31342E+00	2.04379E+00
1.93707E+16	1.29563E+00	2.10190E+00
1.89908E+16	1.28384E+00	2.19344E+00
1.86110E+16	1.30912E+00	2.32368E+00
1.82312E+16	1.43430E+00	2.53995E+00
1.79274E+16	1.65104E+00	2.71639E+00
1.76235E+16	1.93534E+00	2.80893E+00
1.73196E+16	2.28856E+00	2.77992E+00
1.70158E+16	2.60323E+00	2.53598E+00
1.67119E+16	2.70036E+00	1.97898E+00
1.65600E+16	2.52674E+00	1.90631E+00
1.64081E+16	2.13665E+00	1.96153E+00
1.62562E+16	1.76354E+00	2.19385E+00
1.61042E+16	1.39067E+00	2.72738E+00
1.59523E+16	1.22339E+00	3.47874E+00
1.58763E+16	1.41553E+00	3.73744E+00
1.58004E+16	1.86308E+00	4.00472E+00
1.57244E+16	2.59054E+00	4.01071E+00
1.56485E+16	3.33868E+00	3.78880E+00
1.55725E+16	3.97500E+00	3.48624E+00
1.54965E+16	4.50638E+00	3.20320E+00
1.53446E+16	5.22662E+00	2.14544E+00
1.51927E+16	5.32457E+00	1.50518E+00
1.50407E+16	5.19757E+00	1.08182E+00
1.48888E+16	5.00283E+00	7.53648E-01
1.47369E+16	4.78194E+00	5.21220E-01
1.45850E+16	4.57367E+00	3.29560E-01
1.44330E+16	4.37332E+00	2.34722E-01
1.42811E+16	4.18836E+00	1.76042E-01
1.41292E+16	4.02289E+00	1.36007E-01
1.39773E+16	3.87623E+00	1.06720E-01
1.38253E+16	3.74371E+00	8.82360E-02
1.36734E+16	3.62486E+00	7.19712E-02
1.35215E+16	3.51913E+00	5.85312E-02
1.33696E+16	3.42233E+00	4.88400E-02
1.32176E+16	3.33051E+00	3.97850E-02
1.30657E+16	3.25074E+00	3.02183E-02
1.29138E+16	3.17906E+00	1.98626E-02
1.27618E+16	3.11169E+00	1.11838E-02
1.26099E+16	3.05201E+00	4.89160E-03
1.24580E+16	2.99290E+00	1.60198E-03
1.23061E+16	2.94466E+00	4.18704E-04
1.21541E+16	2.89680E+00	1.08928E-04
1.18503E+16	2.80898E+00	1.57544E-05
1.15464E+16	2.73241E+00	1.71161E-05
1.12426E+16	2.66669E+00	1.84678E-05
1.09387E+16	2.61146E+00	1.98181E-05
1.06349E+16	2.56000E+00	2.11491E-05
1.02551E+16	2.50272E+00	2.27988E-05
9.87524E+15	2.45549E+00	2.44524E-05
9.49542E+15	2.41492E+00	2.61037E-05
9.11560E+15	2.38085E+00	2.77601E-05
8.80811E+15	2.35405E+00	2.90855E-05
8.78425E+15	2.35227E+00	2.91894E-05
8.30735E+15	2.31880E+00	3.12624E-05
8.18247E+15	2.31067E+00	3.18039E-05
7.92009E+15	2.29444E+00	3.29405E-05
7.85066E+15	2.29032E+00	3.32410E-05
7.58707E+15	2.27530E+00	3.43809E-05
1.29907E+15	2.14871E+00	0.00000E+00
1.29461E+15	2.14868E+00	0.00000E+00
1.29017E+15	2.14865E+00	0.00000E+00
1.28577E+15	2.14862E+00	0.00000E+00
1.28140E+15	2.14859E+00	0.00000E+00
1.27705E+15	2.14856E+00	0.00000E+00
1.27274E+15	2.14854E+00	0.00000E+00
1.26845E+15	2.14851E+00	0.00000E+00
1.26420E+15	2.14848E+00	0.00000E+00
1.25997E+15	2.14846E+00	0.00000E+00
1.25577E+15	2.14843E+00	0.00000E+00
1.25160E+15	2.14840E+00	0.00000E+00
1.24745E+15	2.14838E+00	0.00000E+00
1.24333E+15	2.14835E+00	0.00000E+00
1.23924E+15	2.14832E+00	0.00000E+00
1.23518E+15	2.14830E+00	0.00000E+00
1.23114E+15	2.14827E+00	0.00000E+00
1.22713E+15	2.14825E+00	0.00000E+00
1.22315E+15	2.14822E+00	0.00000E+00
1.21919E+15	2.14820E+00	0.00000E+00
1.21526E+15	2.14817E+00	0.00000E+00
1.21135E+15	2.14815E+00	0.00000E+00
1.20747E+15	2.14813E+00	0.00000E+00
1.20361E+15	2.14810E+00	0.00000E+00
1.19978E+15	2.14808E+00	0.00000E+00
1.19597E+15	2.14806E+00	0.00000E+00
1.19218E+15	2.14803E+00	0.00000E+00
1.18842E+15	2.14801E+00	0.00000E+00
1.18469E+15	2.14799E+00	0.00000E+00
1.18097E+15	2.14797E+00	0.00000E+00
1.17728E+15	2.14795E+00	0.00000E+00
1.17361E+15	2.14792E+00	0.00000E+00
1.16997E+15	2.14790E+00	0.00000E+00
1.16635E+15	2.14788E+00	0.00000E+00
1.16275E+15	2.14786E+00	0.00000E+00
1.15917E+15	2.14784E+00	0.00000E+00
1.15561E+15	2.14782E+00	0.00000E+00
1.15208E+15	2.14780E+00	0.00000E+00
1.14857E+15	2.14778E+00	0.00000E+00
1.14508E+15	2.14775E+00	0.00000E+00
1.14161E+15	2.14773E+00	0.00000E+00
1.13816E+15	2.14771E+00	0.00000E+00
1.13473E+15	2.14770E+00	0.00000E+00
1.13132E+15	2.14768E+00	0.00000E+00
1.12794E+15	2.14766E+00	0.00000E+00
1.12457E+15	2.14764E+00	0.00000E+00
1.12122E+15	2.14762E+00	0.00000E+00
1.11789E+15	2.14760E+00	0.00000E+00
1.11459E+15	2.14758E+00	0.00000E+00
1.11130E+15	2.14756E+00	0.00000E+00
1.10803E+15	2.14754E+00	0.00000E+00
1.10478E+15	2.14753E+00	0.00000E+00
1.10155E+15	2.14751E+00	0.00000E+00
1.09834E+15	2.14749E+00	0.00000E+00
1.09515E+15	2.14747E+00	0.00000E+00
1.09197E+15	2.14745E+00	0.00000E+00
1.08882E+15	2.14744E+00	0.00000E+00
1.08568E+15	2.14742E+00	0.00000E+00
1.08256E+15	2.14740E+00	0.00000E+00
1.07946E+15	2.14739E+00	0.00000E+00
1.07637E+15	2.14737E+00	0.00000E+00
1.07331E+15	2.14735E+00	0.00000E+00
1.07026E+15	2.14734E+00	0.00000E+00
1.06722E+15	2.14732E+00	0.00000E+00
1.06421E+15	2.14730E+00	0.00000E+00
1.06121E+15	2.14729E+00	0.00000E+00
1.05823E+15	2.14727E+00	0.00000E+00
1.05527E+15	2.14725E+00	0.00000E+00
1.05232E+15	2.14724E+00	0.00000E+00
1.04939E+15	2.14722E+00	0.00000E+00
1.04647E+15	2.14721E+00	0.00000E+00
1.04357E+15	2.14719E+00	0.00000E+00
1.04069E+15	2.14718E+00	0.00000E+00
1.03782E+15	2.14716E+00	0.00000E+00
1.03497E+15	2.14715E+00	0.00000E+00
1.03214E+15	2.14713E+00	0.00000E+00
1.02932E+15	2.14712E+00	0.00000E+00
1.02651E+15	2.14710E+00	0.00000E+00
1.02372E+15	2.14709E+00	0.00000E+00
1.02095E+15	2.14707E+00	0.00000E+00
1.01819E+15	2.14706E+00	0.00000E+00
1.01545E+15	2.14705E+00	0.00000E+00
1.01272E+15	2.14703E+00	0.00000E+00
1.01000E+15	2.14702E+00	0.00000E+00
1.00730E+15	2.14700E+00	0.00000E+00
1.00461E+15	2.14699E+00	0.00000E+00
1.00194E+15	2.14698E+00	0.00000E+00
9.99285E+14	2.14696E+00	0.00000E+00
9.96641E+14	2.14695E+00	0.00000E+00
9.94011E+14	2.14694E+00	0.00000E+00
9.91396E+14	2.14693E+00	0.00000E+00
9.88793E+14	2.14691E+00	0.00000E+00
9.86205E+14	2.14690E+00	0.00000E+00
9.83630E+14	2.14688E+00	0.00000E+00
9.81069E+14	2.14687E+00	0.00000E+00
9.78520E+14	2.14686E+00	0.00000E+00
9.75985E+14	2.14685E+00	0.00000E+00
9.73463E+14	2.14683E+00	0.00000E+00
9.70954E+14	2.14682E+00	0.00000E+00
9.68458E+14	2.14681E+00	0.00000E+00
9.65975E+14	2.14680E+00	0.00000E+00
9.63505E+14	2.14679E+00	0.00000E+00
9.61047E+14	2.14677E+00	0.00000E+00
9.58601E+14	2.14676E+00	0.00000E+00
9.56168E+14	2.14675E+00	0.00000E+00
9.53748E+14	2.14674E+00	0.00000E+00
9.51339E+14	2.14673E+00	0.00000E+00
9.48943E+14	2.14671E+00	0.00000E+00
9.46559E+14	2.14671E+00	0.00000E+00
9.44186E+14	2.14669E+00	0.00000E+00
9.41826E+14	2.14668E+00	0.00000E+00
9.39477E+14	2.14667E+00	0.00000E+00
9.37140E+14	2.14666E+00	0.00000E+00
9.34815E+14	2.14665E+00	0.00000E+00
9.32501E+14	2.14664E+00	0.00000E+00
9.30198E+14	2.14663E+00	0.00000E+00
9.27907E+14	2.14661E+00	0.00000E+00
9.25627E+14	2.14661E+00	0.00000E+00
9.23359E+14	2.14659E+00	0.00000E+00
9.21101E+14	2.14659E+00	0.00000E+00
9.18854E+14	2.14657E+00	0.00000E+00
9.16619E+14	2.14656E+00	0.00000E+00
9.14394E+14	2.14655E+00	0.00000E+00
9.12180E+14	2.14654E+00	0.00000E+00
9.09977E+14	2.14653E+00	0.00000E+00
9.07784E+14	2.14652E+00	0.00000E+00
9.05602E+14	2.14651E+00	0.00000E+00
9.03430E+14	2.14650E+00	0.00000E+00
9.01269E+14	2.14649E+00	0.00000E+00
8.99118E+14	2.14648E+00	0.00000E+00
8.96977E+14	2.14647E+00	0.00000E+00
8.94846E+14	2.14646E+00	0.00000E+00
8.92726E+14	2.14645E+00	0.00000E+00
8.90615E+14	2.14644E+00	0.00000E+00
8.88515E+14	2.14644E+00	0.00000E+00
8.86424E+14	2.14643E+00	0.00000E+00
8.84343E+14	2.14642E+00	0.00000E+00
8.82272E+14	2.14641E+00	0.00000E+00
8.80211E+14	2.14640E+00	0.00000E+00
8.78159E+14	2.14639E+00	0.00000E+00
8.76117E+14	2.14638E+00	0.00000E+00
8.74084E+14	2.14637E+00	0.00000E+00
8.72061E+14	2.14636E+00	0.00000E+00
8.70047E+14	2.14635E+00	0.00000E+00
8.68042E+14	2.14635E+00	0.00000E+00
8.66047E+14	2.14634E+00	0.00000E+00
8.64060E+14	2.14633E+00	0.00000E+00
8.62083E+14	2.14632E+00	0.00000E+00
8.60115E+14	2.14631E+00	0.00000E+00
8.58156E+14	2.14630E+00	0.00000E+00
8.56205E+14	2.14629E+00	0.00000E+00
8.54264E+14	2.14628E+00	0.00000E+00
8.52331E+14	2.14627E+00	0.00000E+00
8.50407E+14	2.14627E+00	0.00000E+00
8.48492E+14	2.14626E+00	0.00000E+00
8.46585E+14	2.14625E+00	0.00000E+00
8.44687E+14	2.14624E+00	0.00000E+00
8.42797E+14	2.14623E+00	0.00000E+00
8.40916E+14	2.14623E+00	0.00000E+00
8.39043E+14	2.14622E+00	0.00000E+00
8.37178E+14	2.14621E+00	0.00000E+00
8.35322E+14	2.14620E+00	0.00000E+00
8.33474E+14	2.14620E+00	0.00000E+00
8.31634E+14	2.14619E+00	0.00000E+00
8.29802E+14	2.14618E+00	0.00000E+00
8.27979E+14	2.14617E+00	0.00000E+00
8.26163E+14	2.14617E+00	0.00000E+00
8.24355E+14	2.14616E+00	0.00000E+00
8.22555E+14	2.14615E+00	0.00000E+00
8.20763E+14	2.14614E+00	0.00000E+00
8.18979E+14	2.14613E+00	0.00000E+00
8.17202E+14	2.14613E+00	0.00000E+00
8.15434E+14	2.14612E+00	0.00000E+00
8.13672E+14	2.14611E+00	0.00000E+00
8.11919E+14	2.14610E+00	0.00000E+00
8.10173E+14	2.14610E+00	0.00000E+00
8.08434E+14	2.14609E+00	0.00000E+00
8.06703E+14	2.14608E+00	0.00000E+00
8.04979E+14	2.14608E+00	0.00000E+00
8.03263E+14	2.14607E+00	0.00000E+00
8.01554E+14	2.14606E+00	0.00000E+00
7.99852E+14	2.14606E+00	0.00000E+00
7.98157E+14	2.14605E+00	0.00000E+00
7.96470E+14	2.14604E+00	0.00000E+00
7.94790E+14	2.14604E+00	0.00000E+00
7.93116E+14	2.14603E+00	0.00000E+00
7.91450E+14	2.14602E+00	0.00000E+00
7.89791E+14	2.14602E+00	0.00000E+00
7.88139E+14	2.14601E+00	0.00000E+00
7.86493E+14	2.14600E+00	0.00000E+00
7.84855E+14	2.14600E+00	0.00000E+00
7.83223E+14	2.14599E+00	0.00000E+00
7.81598E+14	2.14598E+00	0.00000E+00
7.79980E+14	2.14598E+00	0.00000E+00
7.78368E+14	2.14597E+00	0.00000E+00
7.76764E+14	2.14596E+00	0.00000E+00
7.75165E+14	2.14596E+00	0.00000E+00
7.73574E+14	2.14595E+00	0.00000E+00
7.71988E+14	2.14595E+00	0.00000E+00
7.70410E+14	2.14594E+00	0.00000E+00
7.68837E+14	2.14593E+00	0.00000E+00
7.67272E+14	2.14593E+00	0.00000E+00
7.65712E+14	2.14592E+00	0.00000E+00
7.64159E+14	2.14592E+00	0.00000E+00
7.62612E+14	2.14591E+00	0.00000E+00
7.61071E+14	2.14590E+00	0.00000E+00
7.59537E+14	2.14590E+00	0.00000E+00
7.58009E+14	2.14589E+00	0.00000E+00
7.56487E+14	2.14589E+00	0.00000E+00
7.54971E+14	2.14588E+00	0.00000E+00
7.53461E+14	2.14588E+00	0.00000E+00
5.80679E+14	1.99696E+00	6.33134E-05
5.76608E+14	1.99524E+00	6.33041E-05
5.70363E+14	1.99247E+00	6.32879E-05
5.50431E+14	1.98300E+00	6.32254E-05
5.37122E+14	1.97594E+00	6.31715E-05
5.29662E+14	1.97172E+00	6.31370E-05
5.18070E+14	1.96442E+00	6.30711E-05
5.08651E+14	1.95850E+00	9.33644E-05
5.08180E+14	1.95821E+00	9.48766E-05
4.99231E+14	1.95227E+00	1.09823E-04
4.89812E+14	1.94602E+00	1.38384E-04
4.80392E+14	1.93766E+00	1.44211E-04
4.70973E+14	1.92932E+00	1.60846E-04
4.61553E+14	1.92100E+00	2.21483E-04
4.52134E+14	1.91269E+00	2.95962E-04
4.42715E+14	1.90026E+00	3.63924E-04
4.33295E+14	1.88788E+00	5.85324E-04
4.28585E+14	1.88170E+00	7.27028E-04
4.23876E+14	1.87553E+00	7.77876E-04
4.19166E+14	1.86937E+00	7.76598E-04
4.14456E+14	1.86322E+00	6.98880E-04
4.05037E+14	1.84756E+00	7.12247E-04
3.95617E+14	1.83196E+00	1.31290E-03
3.86198E+14	1.81643E+00	4.90581E-03
3.76778E+14	1.80095E+00	1.06823E-02
3.72069E+14	1.80094E+00	1.37421E-02
3.67359E+14	1.78716E+00	1.38498E-02
3.57939E+14	1.75976E+00	1.45658E-02
3.53230E+14	1.74614E+00	1.50379E-02
3.48520E+14	1.73258E+00	1.50583E-02
3.39100E+14	1.70560E+00	1.47056E-02
3.29681E+14	1.67884E+00	1.49914E-02
3.20262E+14	1.63325E+00	1.51826E-02
3.10842E+14	1.56930E+00	1.58345E-02
3.06132E+14	1.55214E+00	1.60966E-02
3.01423E+14	1.53508E+00	1.61566E-02
2.92003E+14	1.46890E+00	1.59257E-02
2.82584E+14	1.38057E+00	1.68260E-02
2.78786E+14	1.34090E+00	1.81888E-02
2.74987E+14	1.28815E+00	1.94019E-02
2.73164E+14	1.25782E+00	1.90890E-02
2.71189E+14	1.22537E+00	1.98114E-02
2.67543E+14	1.17496E+00	2.11537E-02
2.63745E+14	1.10870E+00	2.23236E-02
2.59947E+14	1.02804E+00	2.49313E-02
2.56148E+14	9.41092E-01	2.71406E-02
2.54325E+14	9.00002E-01	2.80845E-02
2.52350E+14	8.41426E-01	3.57766E-02
2.50527E+14	7.90998E-01	4.24071E-02
2.48704E+14	7.38807E-01	4.84485E-02
2.46729E+14	6.73454E-01	5.39833E-02
2.44906E+14	5.94446E-01	5.74294E-02
2.42931E+14	4.92947E-01	6.67108E-02
2.41108E+14	3.82480E-01	9.57235E-02
2.39285E+14	2.80255E-01	1.44038E-01
2.37310E+14	1.72087E-01	2.02046E-01
2.35486E+14	6.48387E-02	2.65700E-01
2.33511E+14	-4.43884E-02	3.50645E-01
2.31688E+14	-1.44205E-01	4.44612E-01
2.29865E+14	-2.15823E-01	5.49783E-01
2.27890E+14	-2.90407E-01	6.37824E-01
2.26067E+14	-3.82841E-01	7.09320E-01
2.24092E+14	-4.81871E-01	7.94640E-01
2.22269E+14	-5.90164E-01	8.57128E-01
2.20446E+14	-7.39701E-01	9.10714E-01
2.18471E+14	-9.36690E-01	9.76482E-01
2.16648E+14	-1.18323E+00	1.00831E+00
2.14672E+14	-1.58913E+00	1.03356E+00
2.12849E+14	-2.21395E+00	1.09028E+00
2.11026E+14	-3.28523E+00	1.37085E+00
2.09051E+14	-4.81114E+00	2.65408E+00
2.07228E+14	-5.41465E+00	5.31930E+00
2.05253E+14	-4.30544E+00	8.50016E+00
2.02518E+14	-4.51000E-02	1.01700E+01
1.97809E+14	4.89510E+00	9.10800E+00
1.93099E+14	7.13448E+00	5.46224E+00
1.88389E+14	6.99856E+00	2.74249E+00
1.83679E+14	5.93934E+00	1.13098E+00
1.78970E+14	4.93577E+00	4.53696E-01
1.74260E+14	4.15133E+00	1.87496E-01
1.69550E+14	3.49060E+00	1.89143E-01
1.65752E+14	3.17665E+00	2.76520E-01
1.61954E+14	2.84264E+00	3.92080E-01
1.60131E+14	2.70600E+00	5.02208E-01
1.58156E+14	2.57955E+00	6.60552E-01
1.56333E+14	2.53694E+00	8.62410E-01
1.54510E+14	2.64464E+00	1.07107E+00
1.52534E+14	2.77712E+00	1.16008E+00
1.50696E+14	2.95536E+00	1.20256E+00
1.48812E+14	3.10193E+00	1.12349E+00
1.46928E+14	3.20410E+00	9.96050E-01
1.45044E+14	3.22457E+00	8.21740E-01
1.43161E+14	3.12798E+00	6.83136E-01
1.41277E+14	3.05221E+00	6.21624E-01
1.36567E+14	2.85856E+00	5.33172E-01
1.31857E+14	2.67480E+00	5.15902E-01
1.27147E+14	2.52538E+00	5.36928E-01
1.22438E+14	2.38490E+00	5.66020E-01
1.17728E+14	2.21520E+00	6.06808E-01
1.13018E+14	2.04728E+00	6.81500E-01
1.09251E+14	1.89311E+00	7.39728E-01
1.05483E+14	1.69877E+00	7.96852E-01
1.01715E+14	1.40894E+00	8.42270E-01
9.92689E+13	1.20579E+00	8.75394E-01
9.79472E+13	9.30275E-01	8.71500E-01
9.60633E+13	5.09888E-01	9.28214E-01
9.41794E+13	-2.37969E-01	1.08767E+00
9.22955E+13	-1.30466E+00	1.47891E+00
9.04116E+13	-2.89455E+00	2.79632E+00
8.94697E+13	-3.92440E+00	4.44888E+00
8.85277E+13	-3.50984E+00	7.09352E+00
8.66438E+13	8.27640E-02	1.05706E+01
8.28760E+13	6.95600E+00	7.57488E+00
7.91083E+13	7.93510E+00	4.29811E+00
7.53405E+13	7.34451E+00	2.17477E+00
7.06307E+13	6.39677E+00	1.00973E+00
6.59210E+13	5.68564E+00	6.20880E-01
6.12265E+13	5.20819E+00	4.20256E-01
5.65167E+13	4.87961E+00	2.96140E-01
5.18070E+13	4.60647E+00	2.40464E-01
4.70973E+13	4.40788E+00	1.93200E-01
1.88389E+13	3.86884E+00	6.25506E-02
1.50696E+13	3.84930E+00	4.66956E-02
1.13018E+13	3.83761E+00	3.37732E-02
7.53405E+12	3.82980E+00	2.72414E-02
3.76778E+12	3.82196E+00	3.11236E-02