1475
7.53461E+15	3.004540	3.134879
6.97649E+15	3.248805	3.604216
6.49535E+15	3.384424	4.008827
6.07630E+15	3.872102	4.357739
5.70804E+15	4.549372	4.427969
5.38186E+15	5.175233	4.229785
5.09095E+15	5.650910	3.907096
4.82988E+15	6.021863	3.543651
4.59427E+15	6.367582	3.177019
4.38059E+15	6.613601	2.671183
4.18589E+15	6.653478	2.131154
4.00777E+15	6.512767	1.696927
3.84419E+15	6.316207	1.431645
3.69343E+15	6.137032	1.253491
3.55406E+15	5.980277	1.127413
3.42482E+15	5.833097	1.042948
3.30465E+15	5.695428	0.991843
3.19263E+15	5.569503	0.967582
3.08795E+15	5.458232	0.967735
2.98992E+15	5.363545	0.990421
2.89793E+15	5.286335	1.028573
2.81142E+15	5.226659	1.076817
2.72993E+15	5.183858	1.131019
2.65303E+15	5.155973	1.188249
2.58034E+15	5.140980	1.246175
2.51154E+15	5.137105	1.303210
2.44630E+15	5.142797	1.358150
2.38437E+15	5.156751	1.410133
2.32550E+15	5.177850	1.458653
2.26946E+15	5.205035	1.503270
2.21606E+15	5.237231	1.543803
2.16512E+15	5.273323	1.580158
2.11646E+15	5.312409	1.612303
2.06995E+15	5.353820	1.640322
2.02543E+15	5.396870	1.664281
1.98279E+15	5.441120	1.684331
1.94191E+15	5.486102	1.700635
1.90268E+15	5.531564	1.713324
1.86500E+15	5.577121	1.722604
1.82879E+15	5.622582	1.728680
1.79395E+15	5.667813	1.731664
1.76042E+15	5.712433	1.731837
1.72812E+15	5.756122	1.729255
1.69698E+15	5.798594	1.724205
1.66695E+15	5.839670	1.716553
1.63796E+15	5.879180	1.706537
1.60996E+15	5.916968	1.694520
1.58290E+15	5.952968	1.680880
1.55674E+15	5.987142	1.665851
1.53142E+15	6.019477	1.649667
1.50692E+15	6.049899	1.632630
1.48319E+15	6.078413	1.614828
1.46020E+15	6.105069	1.596495
1.43790E+15	6.129898	1.577722
1.41628E+15	6.153054	1.558661
1.39530E+15	6.174620	1.539412
1.37493E+15	6.194682	1.520019
1.35515E+15	6.213338	1.500612
1.33592E+15	6.230690	1.481261
1.31724E+15	6.246853	1.461999
1.29907E+15	6.261831	1.442881
1.28140E+15	6.275783	1.423931
1.26420E+15	6.288701	1.405205
1.24745E+15	6.300687	1.386719
1.23114E+15	6.311760	1.368538
1.21526E+15	6.322018	1.350621
1.19978E+15	6.331475	1.333044
1.18469E+15	6.340231	1.315787
1.16997E+15	6.348276	1.298813
1.15561E+15	6.355644	1.282226
1.14161E+15	6.362453	1.265959
1.12794E+15	6.368616	1.250094
1.11459E+15	6.374288	1.234546
1.10155E+15	6.379441	1.219336
1.08882E+15	6.384063	1.204511
1.07637E+15	6.388172	1.190033
1.06421E+15	6.391841	1.175883
1.05232E+15	6.395031	1.162112
1.04069E+15	6.397748	1.148669
1.02932E+15	6.400047	1.135561
1.01819E+15	6.401880	1.122785
1.00730E+15	6.403294	1.110379
9.96641E+14	6.404310	1.098236
9.86205E+14	6.404946	1.086439
9.75985E+14	6.405221	1.074980
9.65975E+14	6.405089	1.063815
9.56168E+14	6.404601	1.052945
9.46559E+14	6.403759	1.042372
9.37140E+14	6.402614	1.032099
9.27907E+14	6.401163	1.022076
9.18854E+14	6.399377	1.012353
9.09977E+14	6.397293	1.002881
9.01269E+14	6.394964	0.993665
8.92726E+14	6.392338	0.984752
8.84343E+14	6.389419	0.976062
8.76117E+14	6.386297	0.967603
8.68042E+14	6.382904	0.959399
8.60115E+14	6.379274	0.951401
8.52331E+14	6.375452	0.943664
8.44687E+14	6.371412	0.936135
8.37178E+14	6.367125	0.928839
8.29802E+14	6.362687	0.921721
8.22555E+14	6.358041	0.914824
8.15434E+14	6.353209	0.908118
8.08434E+14	6.348209	0.901621
8.01554E+14	6.343085	0.895283
7.94790E+14	6.337747	0.889153
7.88139E+14	6.332296	0.883188
7.81598E+14	6.326700	0.877402
7.75165E+14	6.320925	0.871801
7.68837E+14	6.315074	0.866319
7.62612E+14	6.309060	0.861038
7.56487E+14	6.302919	0.855971
7.50459E+14	6.296635	0.851318
7.44526E+14	6.290183	0.847155
7.38687E+14	6.283517	0.843431
7.32938E+14	6.276657	0.840065
7.27279E+14	6.269618	0.837159
7.21706E+14	6.262354	0.834566
7.16217E+14	6.254903	0.832330
7.10812E+14	6.247222	0.830397
7.05487E+14	6.239388	0.828772
7.00242E+14	6.231442	0.827407
6.95074E+14	6.223480	0.826358
6.89982E+14	6.215457	0.825519
6.84964E+14	6.207430	0.824889
6.80019E+14	6.199439	0.824511
6.75144E+14	6.191541	0.824313
6.70339E+14	6.183734	0.824335
6.65601E+14	6.176062	0.824491
6.60930E+14	6.168500	0.824850
6.56325E+14	6.161141	0.825336
6.51783E+14	6.153933	0.825984
6.47303E+14	6.146966	0.826796
6.42884E+14	6.140940	0.816202
6.38526E+14	6.136716	0.781661
6.34226E+14	6.130740	0.777428
6.29984E+14	6.125078	0.773219
6.25798E+14	6.119631	0.769027
6.21667E+14	6.114498	0.764858
6.17591E+14	6.109607	0.760707
6.13567E+14	6.105021	0.756579
6.09596E+14	6.100727	0.752471
6.05676E+14	6.096745	0.748385
6.01806E+14	6.093071	0.744358
5.97985E+14	6.089656	0.740428
5.94212E+14	6.086586	0.736521
5.90486E+14	6.083808	0.732634
5.86807E+14	6.081345	0.728767
5.83174E+14	6.079202	0.724920
5.79585E+14	6.077390	0.721095
5.76040E+14	6.075839	0.717287
5.72538E+14	6.074647	0.713500
5.69079E+14	6.073747	0.709732
5.65661E+14	6.073143	0.705981
5.62284E+14	6.072799	0.702246
5.58947E+14	6.072691	0.698525
5.55649E+14	6.072794	0.694816
5.52390E+14	6.073005	0.691114
5.49170E+14	6.073362	0.687419
5.45986E+14	6.073787	0.683729
5.42839E+14	6.074298	0.680043
5.39728E+14	6.074808	0.676357
5.36653E+14	6.075316	0.672671
5.33612E+14	6.075823	0.668985
5.30606E+14	6.076323	0.665298
5.27633E+14	6.076722	0.661605
5.24694E+14	6.077043	0.657908
5.21787E+14	6.077270	0.654207
5.18912E+14	6.077369	0.650498
5.16069E+14	6.077369	0.646784
5.13257E+14	6.077169	0.643060
5.10475E+14	6.076854	0.639330
5.07723E+14	6.076375	0.635592
5.05000E+14	6.075657	0.631843
5.02307E+14	6.074808	0.628086
4.99642E+14	6.073713	0.624762
4.97006E+14	6.072309	0.622775
4.94397E+14	6.070734	0.620779
4.91815E+14	6.068901	0.618771
4.89260E+14	6.066857	0.616753
4.86732E+14	6.064552	0.614723
4.84229E+14	6.062018	0.612681
4.81752E+14	6.059247	0.610629
4.79301E+14	6.056167	0.608561
4.76874E+14	6.052880	0.606485
4.74471E+14	6.049322	0.604660
4.72093E+14	6.045426	0.604005
4.69739E+14	6.041260	0.603338
4.67407E+14	6.036865	0.602659
4.65099E+14	6.032161	0.601965
4.62814E+14	6.027199	0.601258
4.60551E+14	6.021937	0.600537
4.58309E+14	6.016451	0.599805
4.56090E+14	6.010666	0.599058
4.53892E+14	6.004604	0.598298
4.51715E+14	5.998276	0.597525
4.49559E+14	5.991671	0.596739
4.47423E+14	5.984811	0.595940
4.45308E+14	5.977656	0.595127
4.43212E+14	5.970244	0.594302
4.41136E+14	5.962577	0.593464
4.39080E+14	5.954608	0.592611
4.37042E+14	5.946385	0.591746
4.35023E+14	5.937909	0.590870
4.33023E+14	5.929181	0.589980
4.31042E+14	5.920153	0.589077
4.29078E+14	5.910874	0.588161
4.27132E+14	5.901370	0.587234
4.25204E+14	5.891565	0.586293
4.23292E+14	5.881528	0.585341
4.21399E+14	5.871258	0.584377
4.19522E+14	5.860697	0.583400
4.17661E+14	5.849940	0.582413
4.15817E+14	5.838936	0.581414
4.13989E+14	5.827734	0.580405
4.12178E+14	5.816371	0.579389
4.10382E+14	5.804790	0.578362
4.08601E+14	5.793097	0.577331
4.06836E+14	5.781271	0.576292
4.05086E+14	5.769314	0.575248
4.03352E+14	5.757250	0.574199
4.01631E+14	5.745091	0.573685
3.99926E+14	5.732848	0.573191
3.98235E+14	5.720526	0.572693
3.96558E+14	5.708159	0.572192
3.94896E+14	5.695756	0.571688
3.93247E+14	5.683320	0.571181
3.91612E+14	5.670873	0.570673
3.89990E+14	5.658409	0.570163
3.88382E+14	5.645959	0.569653
3.86787E+14	5.633522	0.569142
3.85205E+14	5.621099	0.568632
3.83636E+14	5.608701	0.568121
3.82079E+14	5.596360	0.567613
3.80536E+14	5.584032	0.567104
3.79004E+14	5.571765	0.566598
3.77485E+14	5.559598	0.566095
3.75978E+14	5.547459	0.565593
3.74483E+14	5.535381	0.565094
3.73000E+14	5.523409	0.564598
3.71529E+14	5.511498	0.564105
3.70069E+14	5.499693	0.563617
3.68621E+14	5.487983	0.563132
3.67184E+14	5.476351	0.562651
3.65758E+14	5.464825	0.562174
3.64343E+14	5.453413	0.561702
3.62939E+14	5.442104	0.561235
3.61545E+14	5.430923	0.560773
3.60163E+14	5.419850	0.560316
3.58791E+14	5.408892	0.559864
3.57429E+14	5.398098	0.559420
3.56078E+14	5.387416	0.558981
3.54737E+14	5.376843	0.558547
3.53406E+14	5.366417	0.558120
3.52084E+14	5.356117	0.557698
3.50773E+14	5.345950	0.557283
3.49472E+14	5.335959	0.556876
3.48180E+14	5.326057	0.556473
3.46897E+14	5.316345	0.556079
3.45624E+14	5.306748	0.555691
3.44360E+14	5.297339	0.555311
3.43106E+14	5.288031	0.554937
3.41861E+14	5.278901	0.554571
3.40624E+14	5.269930	0.554213
3.39397E+14	5.261072	0.553860
3.38178E+14	5.252413	0.553517
3.36968E+14	5.243898	0.553181
3.35767E+14	5.235502	0.552851
3.34574E+14	5.227282	0.552529
3.33390E+14	5.219240	0.552217
3.32214E+14	5.211360	0.551912
3.31046E+14	5.203579	0.551612
3.29886E+14	5.196000	0.551323
3.28735E+14	5.188592	0.551042
3.27592E+14	5.181311	0.550767
3.26456E+14	5.174201	0.550501
3.25328E+14	5.167260	0.550244
3.24209E+14	5.160447	0.549993
3.23096E+14	5.153824	0.549752
3.21992E+14	5.147344	0.549517
3.20895E+14	5.141022	0.549291
3.19805E+14	5.134875	0.549074
3.18723E+14	5.128854	0.548864
3.17648E+14	5.122993	0.548661
3.16580E+14	5.117315	0.548469
3.15520E+14	5.111784	0.548283
3.14466E+14	5.106405	0.548106
3.13420E+14	5.101177	0.547936
3.12380E+14	5.096121	0.547775
3.11347E+14	5.091189	0.547621
3.10322E+14	5.086416	0.547475
3.09302E+14	5.081825	0.547339
3.08290E+14	5.077379	0.547210
3.07284E+14	5.073069	0.547088
3.06285E+14	5.068917	0.546975
3.05292E+14	5.064916	0.546869
3.04306E+14	5.061065	0.546771
3.03326E+14	5.057368	0.546682
3.02352E+14	5.053807	0.546600
3.01384E+14	5.050392	0.546525
3.00423E+14	5.047127	0.546459
2.99468E+14	5.043988	0.546399
2.98518E+14	5.041030	0.546348
2.97575E+14	5.038199	0.546305
2.96638E+14	5.035516	0.546269
2.95707E+14	5.032979	0.546242
2.94781E+14	5.030576	0.546221
2.93861E+14	5.028282	0.546206
2.92947E+14	5.026181	0.546202
2.92039E+14	5.024198	0.546204
2.91136E+14	5.022343	0.546213
2.90239E+14	5.020636	0.546229
2.89347E+14	5.019025	0.546251
2.88461E+14	5.017640	0.546285
2.87580E+14	5.016454	0.546330
2.86705E+14	5.015461	0.546386
2.85835E+14	5.014717	0.546454
2.84970E+14	5.014187	0.546535
2.84110E+14	5.013817	0.546624
2.83256E+14	5.013677	0.546726
2.82407E+14	5.013730	0.546838
2.81562E+14	5.013976	0.546960
2.80723E+14	5.014388	0.547092
2.79889E+14	5.015013	0.547235
2.79059E+14	5.015786	0.547387
2.78235E+14	5.016704	0.547546
2.77416E+14	5.017811	0.547715
2.76601E+14	5.019095	0.547895
2.75791E+14	5.020513	0.548081
2.74986E+14	5.022097	0.548277
2.74185E+14	5.023792	0.548478
2.73389E+14	5.025665	0.548689
2.72598E+14	5.027682	0.548909
2.71811E+14	5.029800	0.549133
2.71029E+14	5.032094	0.549368
2.70251E+14	5.034478	0.549607
2.69478E+14	5.036985	0.549853
2.68709E+14	5.039640	0.550107
2.67945E+14	5.042354	0.550364
2.67185E+14	5.045211	0.550629
2.66429E+14	5.048158	0.550899
2.65677E+14	5.051242	0.551176
2.64930E+14	5.054371	0.551456
2.64187E+14	5.057580	0.551740
2.63448E+14	5.060898	0.552031
2.62713E+14	5.064264	0.552323
2.61982E+14	5.067727	0.552621
2.61255E+14	5.071281	0.552924
2.60533E+14	5.074835	0.553228
2.59814E+14	5.078482	0.553536
2.59099E+14	5.082210	0.553848
2.58388E+14	5.085957	0.554162
2.57681E+14	5.089749	0.554478
2.56978E+14	5.093589	0.554796
2.56279E+14	5.097415	0.556223
2.55584E+14	5.101225	0.558406
2.54892E+14	5.105079	0.560594
2.54204E+14	5.108950	0.562784
2.53520E+14	5.112837	0.564977
2.52839E+14	5.116764	0.567173
2.52162E+14	5.120659	0.569369
2.51489E+14	5.124621	0.571570
2.50819E+14	5.128577	0.573772
2.50153E+14	5.132528	0.575975
2.49490E+14	5.136550	0.577300
2.48831E+14	5.140629	0.577841
2.48175E+14	5.144665	0.578380
2.47523E+14	5.148734	0.578920
2.46874E+14	5.152787	0.579461
2.46229E+14	5.156846	0.580001
2.45587E+14	5.160881	0.580540
2.44948E+14	5.164914	0.581080
2.44313E+14	5.168914	0.581617
2.43681E+14	5.172952	0.582157
2.43052E+14	5.176918	0.582694
2.42426E+14	5.180900	0.583231
2.41804E+14	5.184854	0.583766
2.41185E+14	5.188800	0.584302
2.40569E+14	5.192720	0.584836
2.39956E+14	5.196587	0.585367
2.39346E+14	5.200489	0.585901
2.38739E+14	5.204325	0.586431
2.38135E+14	5.208171	0.586961
2.37535E+14	5.211977	0.587490
2.36937E+14	5.215767	0.588017
2.36343E+14	5.219544	0.588545
2.35751E+14	5.218437	0.588797
2.35162E+14	5.212690	0.588789
2.34577E+14	5.206947	0.588780
2.33994E+14	5.201206	0.588771
2.33414E+14	5.195469	0.588761
2.32837E+14	5.189735	0.588751
2.32263E+14	5.184004	0.588741
2.31691E+14	5.178276	0.588731
2.31123E+14	5.172551	0.588720
2.30557E+14	5.166830	0.588709
2.29994E+14	5.161111	0.588697
2.29434E+14	5.155396	0.588685
2.28876E+14	5.149592	0.590273
2.28321E+14	5.143719	0.593117
2.27769E+14	5.137848	0.595957
2.27220E+14	5.131980	0.598793
2.26673E+14	5.126113	0.601626
2.26129E+14	5.120249	0.604456
2.25587E+14	5.114387	0.607282
2.25048E+14	5.108527	0.610104
2.24512E+14	5.102669	0.612923
2.23978E+14	5.096813	0.615739
2.23446E+14	5.091003	0.617833
2.22917E+14	5.085240	0.619194
2.22391E+14	5.079480	0.620553
2.21867E+14	5.073722	0.621910
2.21346E+14	5.067968	0.623264
2.20827E+14	5.062216	0.624617
2.20310E+14	5.056467	0.625969
2.19796E+14	5.050721	0.627318
2.19284E+14	5.044978	0.628665
2.18775E+14	5.039238	0.630011
2.18268E+14	5.033500	0.631354
2.17763E+14	5.027766	0.632696
2.17261E+14	5.022034	0.634036
2.16761E+14	5.016305	0.635374
2.16263E+14	5.010579	0.636710
2.15768E+14	5.004856	0.638044
2.15274E+14	4.999135	0.639376
2.14784E+14	4.993418	0.640707
2.14295E+14	4.987703	0.642035
2.13808E+14	4.981991	0.643362
2.13324E+14	4.976282	0.644687
2.12842E+14	4.970576	0.646010
2.12362E+14	4.964873	0.647330
2.11884E+14	4.959173	0.648650
2.11409E+14	4.953475	0.649967
2.10935E+14	4.947781	0.651282
2.10464E+14	4.942089	0.652595
2.09995E+14	4.936400	0.653907
2.09527E+14	4.930714	0.655217
2.09062E+14	4.925030	0.656524
2.08599E+14	4.919350	0.657830
2.08138E+14	4.913672	0.659134
2.07679E+14	4.907998	0.660436
2.07222E+14	4.902326	0.661736
2.06767E+14	4.896657	0.663035
2.06315E+14	4.882339	0.664404
2.05864E+14	4.844441	0.665951
2.05415E+14	4.806686	0.667467
2.04968E+14	4.769074	0.668951
2.04522E+14	4.731605	0.670404
2.04079E+14	4.694279	0.671825
2.03638E+14	4.657097	0.673214
2.03199E+14	4.620057	0.674572
2.02761E+14	4.583160	0.675898
2.02326E+14	4.546407	0.677192
2.01892E+14	4.512209	0.685344
2.01460E+14	4.487495	0.720472
2.01030E+14	4.462685	0.755422
2.00602E+14	4.437778	0.790195
2.00176E+14	4.412774	0.824789
1.99751E+14	4.387672	0.859206
1.99328E+14	4.362474	0.893445
1.98907E+14	4.337179	0.927507
1.98488E+14	4.311786	0.961390
1.98071E+14	4.286297	0.995096
1.97655E+14	4.260711	1.028624
1.97241E+14	4.235027	1.061974
1.96829E+14	4.209247	1.095147
1.96418E+14	4.183369	1.128142
1.96010E+14	4.157395	1.160959
1.95602E+14	4.131324	1.193598
1.95197E+14	4.105155	1.226059
1.94793E+14	4.078890	1.258343
1.94391E+14	4.052527	1.290449
1.93991E+14	4.026068	1.322377
1.93592E+14	4.001219	1.363602
1.93195E+14	3.978769	1.419633
1.92800E+14	3.955926	1.475486
1.92406E+14	3.932691	1.531161
1.92013E+14	3.909064	1.586657
1.91623E+14	3.885567	1.640140
1.91234E+14	3.874332	1.649855
1.90846E+14	3.863090	1.659544
1.90460E+14	3.851842	1.669209
1.90076E+14	3.840587	1.678848
1.89693E+14	3.829325	1.688462
1.89312E+14	3.818057	1.698050
1.88932E+14	3.806782	1.707613
1.88554E+14	3.795500	1.717151
1.88177E+14	3.784212	1.726664
1.87802E+14	3.772917	1.736151
1.87428E+14	3.761616	1.745613
1.87056E+14	3.750308	1.755049
1.86685E+14	3.738993	1.764460
1.86316E+14	3.727672	1.773846
1.85948E+14	3.716344	1.783207
1.85581E+14	3.705009	1.792542
1.85216E+14	3.693668	1.801852
1.84853E+14	3.682320	1.811137
1.84491E+14	3.670966	1.820396
1.84130E+14	3.659605	1.829630
1.83771E+14	3.648237	1.838839
1.83413E+14	3.636811	1.848394
1.83057E+14	3.623164	1.873519
1.82701E+14	3.609430	1.898594
1.82348E+14	3.595610	1.923619
1.81995E+14	3.581702	1.948594
1.81644E+14	3.567708	1.973520
1.81295E+14	3.553627	1.998395
1.80946E+14	3.539459	2.023221
1.80599E+14	3.525204	2.047996
1.80254E+14	3.510862	2.072722
1.79909E+14	3.496433	2.097398
1.79566E+14	3.482062	2.090127
1.79225E+14	3.467724	2.081484
1.78884E+14	3.453416	2.072860
1.78545E+14	3.439137	2.064253
1.78207E+14	3.424888	2.055665
1.77871E+14	3.410668	2.047094
1.77535E+14	3.396478	2.038541
1.77201E+14	3.382318	2.030007
1.76869E+14	3.368187	2.021490
1.76537E+14	3.354086	2.012991
1.76207E+14	3.340014	2.004510
1.75878E+14	3.325972	1.996046
1.75550E+14	3.311960	1.987601
1.75223E+14	3.297977	1.979174
1.74898E+14	3.284024	1.970764
1.74574E+14	3.270100	1.962372
1.74251E+14	3.256206	1.953999
1.73929E+14	3.242341	1.945643
1.73608E+14	3.228506	1.937305
1.73289E+14	3.214701	1.928985
1.72971E+14	3.200925	1.920683
1.72654E+14	3.187179	1.912399
1.72338E+14	3.173462	1.904132
1.72023E+14	3.159775	1.895884
1.71709E+14	3.146117	1.887653
1.71397E+14	3.132489	1.879441
1.71086E+14	3.118891	1.871246
1.70775E+14	3.105322	1.863069
1.70466E+14	3.091783	1.854911
1.70158E+14	3.078273	1.846770
1.69851E+14	3.064793	1.838647
1.69546E+14	3.051343	1.830541
1.69241E+14	3.020190	1.813745
1.68937E+14	2.986710	1.795803
1.68635E+14	2.953417	1.777949
1.68333E+14	2.920310	1.760183
1.68033E+14	2.887388	1.742505
1.67734E+14	2.854653	1.724916
1.67436E+14	2.822103	1.707415
1.67139E+14	2.789740	1.690002
1.66842E+14	2.757562	1.672677
1.66547E+14	2.725571	1.655441
1.66253E+14	2.688589	1.642514
1.65960E+14	2.628712	1.648324
1.65669E+14	2.569260	1.653741
1.65378E+14	2.510232	1.658765
1.65088E+14	2.451629	1.663395
1.64799E+14	2.393449	1.667631
1.64511E+14	2.335695	1.671474
1.64224E+14	2.278364	1.674924
1.63938E+14	2.221458	1.677980
1.63653E+14	2.164976	1.680642
1.63370E+14	2.108919	1.682911
1.63087E+14	2.053286	1.684787
1.62805E+14	1.998077	1.686268
1.62524E+14	1.943293	1.687357
1.62244E+14	1.888933	1.688052
1.61965E+14	1.834998	1.688353
1.61687E+14	1.781486	1.688261
1.61410E+14	1.728400	1.687775
1.61134E+14	1.675737	1.686896
1.60858E+14	1.623499	1.685623
1.60584E+14	1.571685	1.683957
1.60311E+14	1.520296	1.681898
1.60038E+14	1.469331	1.679444
1.59767E+14	1.418790	1.676598
1.59496E+14	1.368674	1.673357
1.59227E+14	1.318982	1.669724
1.58958E+14	1.269715	1.665696
1.58690E+14	1.219254	1.662304
1.58423E+14	1.158664	1.665025
1.58157E+14	1.098530	1.666970
1.57892E+14	1.038851	1.668139
1.57628E+14	0.979628	1.668532
1.57364E+14	0.920859	1.668149
1.57102E+14	0.862546	1.666991
1.56840E+14	0.804446	1.674302
1.56580E+14	0.745042	1.714837
1.56320E+14	0.684673	1.754376
1.56061E+14	0.623339	1.792916
1.55802E+14	0.561041	1.830460
1.55545E+14	0.497778	1.867005
1.55289E+14	0.433550	1.902554
1.55033E+14	0.368357	1.937105
1.54778E+14	0.302199	1.970658
1.54524E+14	0.237582	2.002234
1.54271E+14	0.197115	2.023468
1.54019E+14	0.156257	2.044367
1.53767E+14	0.115009	2.064928
1.53517E+14	0.073370	2.085152
1.53267E+14	0.017324	2.119218
1.53018E+14	-0.063816	2.176420
1.52770E+14	-0.147125	2.232873
1.52522E+14	-0.232602	2.288579
1.52276E+14	-0.320249	2.343538
1.52030E+14	-0.410064	2.397748
1.51785E+14	-0.502048	2.451211
1.51541E+14	-0.561093	2.476041
1.51297E+14	-0.610174	2.492092
1.51055E+14	-0.659653	2.507803
1.50813E+14	-0.709528	2.523176
1.50572E+14	-0.762988	2.540580
1.50331E+14	-0.877857	2.601742
1.50092E+14	-0.995739	2.662027
1.49853E+14	-1.116632	2.721433
1.49615E+14	-1.240538	2.779963
1.49378E+14	-1.367457	2.837614
1.49141E+14	-1.480631	2.888067
1.48905E+14	-1.532062	2.914273
1.48670E+14	-1.583996	2.940403
1.48436E+14	-1.636434	2.966457
1.48202E+14	-1.689376	2.992435
1.47969E+14	-1.770018	3.061938
1.47737E+14	-1.852577	3.132668
1.47506E+14	-1.936669	3.204001
1.47275E+14	-2.022293	3.275938
1.47045E+14	-2.109450	3.348479
1.46816E+14	-2.198139	3.421623
1.46588E+14	-2.288361	3.495370
1.46360E+14	-2.372451	3.568733
1.46133E+14	-2.402421	3.635627
1.45906E+14	-2.432549	3.703123
1.45681E+14	-2.462834	3.771219
1.45456E+14	-2.493278	3.839917
1.45231E+14	-2.523880	3.909217
1.45008E+14	-2.569929	3.989819
1.44785E+14	-2.620863	4.074372
1.44563E+14	-2.672294	4.159811
1.44341E+14	-2.724224	4.246135
1.44120E+14	-2.776653	4.333345
1.43900E+14	-2.829579	4.421440
1.43681E+14	-2.883003	4.510421
1.43462E+14	-2.936926	4.600288
1.43243E+14	-2.991346	4.691039
1.43026E+14	-3.046265	4.782677
1.42809E+14	-3.101682	4.875200
1.42593E+14	-3.140782	4.956636
1.42377E+14	-3.159665	5.024129
1.42162E+14	-3.178541	5.092039
1.41948E+14	-3.197410	5.160365
1.41735E+14	-3.216271	5.229107
1.41522E+14	-3.235125	5.298265
1.41309E+14	-3.253972	5.367839
1.41097E+14	-3.277941	5.432117
1.40886E+14	-3.306498	5.491730
1.40676E+14	-3.335172	5.551665
1.40466E+14	-3.363964	5.611922
1.40257E+14	-3.392873	5.672500
1.40048E+14	-3.421901	5.733400
1.39841E+14	-3.451046	5.794622
1.39633E+14	-3.480309	5.856166
1.39426E+14	-3.509690	5.918031
1.39220E+14	-3.539188	5.980218
1.39015E+14	-3.568805	6.042726
1.38810E+14	-3.598539	6.105556
1.38606E+14	-3.628391	6.168708
1.38402E+14	-3.658360	6.232181
1.38199E+14	-3.688448	6.295976
1.37996E+14	-3.718653	6.360093
1.37795E+14	-3.748976	6.424532
1.37593E+14	-3.779417	6.489292
1.37393E+14	-3.809976	6.554374
1.37192E+14	-3.840652	6.619777
1.36993E+14	-3.871446	6.685502
1.36794E+14	-3.892095	6.745624
1.36595E+14	-3.909771	6.804263
1.36398E+14	-3.927462	6.863142
1.36200E+14	-3.945169	6.922260
1.36004E+14	-3.962890	6.981618
1.35808E+14	-3.980627	7.041215
1.35612E+14	-3.998379	7.101051
1.35417E+14	-4.016146	7.161127
1.35223E+14	-4.033928	7.221443
1.35029E+14	-4.082901	7.293016
1.34835E+14	-4.133232	7.365314
1.34643E+14	-4.183862	7.437964
1.34451E+14	-4.234791	7.510966
1.34259E+14	-4.286020	7.584319
1.34068E+14	-4.337548	7.658024
1.33877E+14	-4.389376	7.732080
1.33687E+14	-4.441503	7.806488
1.33498E+14	-4.493929	7.881248
1.33309E+14	-4.546655	7.956359
1.33120E+14	-4.599680	8.031822
1.32932E+14	-4.653005	8.107636
1.32745E+14	-4.706629	8.183802
1.32558E+14	-4.760552	8.260320
1.32372E+14	-4.814775	8.337189
1.32186E+14	-4.869297	8.414410
1.32001E+14	-4.904288	8.496472
1.31816E+14	-4.926735	8.581773
1.31632E+14	-4.949180	8.667469
1.31448E+14	-4.971621	8.753559
1.31265E+14	-4.994059	8.840045
1.31082E+14	-5.016494	8.926925
1.30900E+14	-5.038927	9.014200
1.30718E+14	-5.081160	9.113510
1.30537E+14	-5.132428	9.218573
1.30357E+14	-5.183949	9.324235
1.30176E+14	-5.235724	9.430498
1.29997E+14	-5.287752	9.537360
1.29817E+14	-5.340034	9.644823
1.29639E+14	-5.392569	9.752885
1.29461E+14	-5.445357	9.861547
1.29283E+14	-5.498399	9.970810
1.29106E+14	-5.551694	10.080672
1.28929E+14	-5.605243	10.191134
1.28753E+14	-5.659045	10.302196
1.28577E+14	-5.713100	10.413858
1.28402E+14	-5.767409	10.526120
1.28227E+14	-5.821971	10.638982
1.28052E+14	-5.847009	10.756219
1.27879E+14	-5.851589	10.876584
1.27705E+14	-5.855929	10.997487
1.27532E+14	-5.860029	11.118929
1.27360E+14	-5.863888	11.240910
1.27188E+14	-5.867506	11.363430
1.27016E+14	-5.870885	11.486489
1.26845E+14	-5.873994	11.610281
1.26675E+14	-5.876253	11.738713
1.26504E+14	-5.878247	11.867718
1.26335E+14	-5.879978	11.997296
1.26166E+14	-5.881445	12.127448
1.25997E+14	-5.882649	12.258174
1.25828E+14	-5.883588	12.389472
1.25661E+14	-5.884264	12.521345
1.25493E+14	-5.884676	12.653791
1.25326E+14	-5.884825	12.786810
1.25160E+14	-5.884709	12.920403
1.24993E+14	-5.884330	13.054569
1.24828E+14	-5.883687	13.189309
1.24663E+14	-5.882781	13.324622
1.24498E+14	-5.881610	13.460509
1.24333E+14	-5.880176	13.596970
1.24170E+14	-5.878478	13.734003
1.24006E+14	-5.876516	13.871611
1.23843E+14	-5.874291	14.009791
1.23680E+14	-5.871802	14.148546
1.23518E+14	-5.869049	14.287873
1.23356E+14	-5.866032	14.427775
1.23195E+14	-5.861694	14.567746
1.23034E+14	-5.821138	14.691059
1.22874E+14	-5.780127	14.814655
1.22713E+14	-5.738662	14.938533
1.22554E+14	-5.696743	15.062692
1.22395E+14	-5.654369	15.187134
1.22236E+14	-5.611541	15.311858
1.22077E+14	-5.568258	15.436864
1.21919E+14	-5.524521	15.562151
1.21762E+14	-5.480329	15.687721
1.21604E+14	-5.435683	15.813573
1.21448E+14	-5.390582	15.939707
1.21291E+14	-5.323357	16.054210
1.21135E+14	-5.246573	16.163796
1.20980E+14	-5.169262	16.273400
1.20824E+14	-5.091422	16.383020
1.20670E+14	-5.013055	16.492657
1.20515E+14	-4.934160	16.602310
1.20361E+14	-4.854737	16.711980
1.20208E+14	-4.774787	16.821666
1.20054E+14	-4.694309	16.931369
1.19901E+14	-4.613302	17.041089
1.19749E+14	-4.531768	17.150825
1.19597E+14	-4.449707	17.260578
1.19445E+14	-4.367117	17.370348
1.19294E+14	-4.284000	17.480134
1.19143E+14	-4.200355	17.589936
1.18993E+14	-4.116182	17.699755
1.18842E+14	-4.031481	17.809591
1.18693E+14	-3.946253	17.919444
1.18543E+14	-3.860496	18.029313
1.18394E+14	-3.774212	18.139198
1.18246E+14	-3.687400	18.249101
1.18097E+14	-3.600061	18.359019
1.17949E+14	-3.512193	18.468955
1.17802E+14	-3.423798	18.578907
1.17655E+14	-3.334875	18.688875
1.17508E+14	-3.245424	18.798861
1.17361E+14	-3.155445	18.908862
1.17215E+14	-3.064939	19.018881
1.17070E+14	-2.973905	19.128916
1.16924E+14	-2.882343	19.238967
1.16779E+14	-2.790253	19.349036
1.16635E+14	-2.697635	19.459120
1.16491E+14	-2.604490	19.569222
1.16347E+14	-2.510817	19.679340
1.16203E+14	-2.419925	19.752740
1.16060E+14	-2.329925	19.812866
1.15917E+14	-2.239670	19.872847
1.15775E+14	-2.149158	19.932685
1.15632E+14	-2.058390	19.992379
1.15491E+14	-1.967366	20.051929
1.15349E+14	-1.876085	20.111334
1.15208E+14	-1.784549	20.170595
1.15067E+14	-1.692756	20.229713
1.14927E+14	-1.600707	20.288686
1.14787E+14	-1.508401	20.347515
1.14647E+14	-1.409930	20.396659
1.14508E+14	-1.302877	20.432033
1.14369E+14	-1.195656	20.467145
1.14230E+14	-1.088267	20.501996
1.14092E+14	-0.980710	20.536587
1.13954E+14	-0.872985	20.570916
1.13816E+14	-0.765091	20.604983
1.13678E+14	-0.657029	20.638790
1.13541E+14	-0.548799	20.672335
1.13405E+14	-0.440401	20.705619
1.13268E+14	-0.331835	20.738642
1.13132E+14	-0.223101	20.771404
1.12996E+14	-0.114199	20.803904
1.12861E+14	-0.005128	20.836143
1.12726E+14	0.104111	20.868121
1.12591E+14	0.213518	20.899838
1.12457E+14	0.323093	20.931293
1.12323E+14	0.432836	20.962488
1.12189E+14	0.542747	20.993421
1.12055E+14	0.652827	21.024093
1.11922E+14	0.763074	21.054503
1.11789E+14	0.873490	21.084653
1.11657E+14	0.984074	21.114541
1.11525E+14	1.094826	21.144168
1.11393E+14	1.205746	21.173534
1.11261E+14	1.316834	21.202639
1.11130E+14	1.428091	21.231482
1.10999E+14	1.539515	21.260064
1.10868E+14	1.651108	21.288385
1.10738E+14	1.762869	21.316445
1.10608E+14	1.874798	21.344243
1.10478E+14	1.986895	21.371781
1.10349E+14	2.099160	21.399057
1.10220E+14	2.204692	21.414010
1.10091E+14	2.307383	21.423608
1.09962E+14	2.410145	21.432970
1.09834E+14	2.512977	21.442096
1.09706E+14	2.615881	21.450985
1.09578E+14	2.718855	21.459637
1.09451E+14	2.821901	21.468053
1.09324E+14	2.925017	21.476232
1.09197E+14	3.028204	21.484175
1.09071E+14	3.131463	21.491881
1.08945E+14	3.234556	21.499117
1.08819E+14	3.309292	21.477940
1.08693E+14	3.383973	21.456635
1.08568E+14	3.458601	21.435203
1.08443E+14	3.533173	21.413643
1.08318E+14	3.607692	21.391955
1.08194E+14	3.682157	21.370139
1.08070E+14	3.756567	21.348196
1.07946E+14	3.830923	21.326124
1.07822E+14	3.905225	21.303925
1.07699E+14	3.979473	21.281598
1.07576E+14	4.053667	21.259144
1.07453E+14	4.127806	21.236561
1.07331E+14	4.201891	21.213851
1.07208E+14	4.275922	21.191013
1.07087E+14	4.349899	21.168047
1.06965E+14	4.423822	21.144954
1.06844E+14	4.497690	21.121733
1.06722E+14	4.571505	21.098384
1.06602E+14	4.645265	21.074907
1.06481E+14	4.718970	21.051302
1.06361E+14	4.792622	21.027570
1.06241E+14	4.866220	21.003709
1.06121E+14	4.939763	20.979721
1.06002E+14	5.013252	20.955606
1.05883E+14	5.086687	20.931362
1.05764E+14	5.160067	20.906991
1.05645E+14	5.233394	20.882492
1.05527E+14	5.306666	20.857865
1.05409E+14	5.379884	20.833110
1.05291E+14	5.453048	20.808228
1.05173E+14	5.523778	20.784076
1.05056E+14	5.583933	20.763623
1.04939E+14	5.644051	20.743082
1.04822E+14	5.704134	20.722455
1.04705E+14	5.764181	20.701741
1.04589E+14	5.824191	20.680941
1.04473E+14	5.884166	20.660054
1.04357E+14	5.944104	20.639080
1.04242E+14	6.004006	20.618020
1.04127E+14	6.063873	20.596873
1.04012E+14	6.123703	20.575639
1.03897E+14	6.183497	20.554319
1.03782E+14	6.236853	20.530405
1.03668E+14	6.268998	20.498164
1.03554E+14	6.301097	20.465908
1.03441E+14	6.333149	20.433638
1.03327E+14	6.365156	20.401355
1.03214E+14	6.397115	20.369057
1.03101E+14	6.429029	20.336746
1.02988E+14	6.460896	20.304420
1.02876E+14	6.492717	20.272081
1.02763E+14	6.524492	20.239728
1.02651E+14	6.556221	20.207360
1.02540E+14	6.587903	20.174979
1.02428E+14	6.619539	20.142584
1.02317E+14	6.651129	20.110175
1.02206E+14	6.682672	20.077752
1.02095E+14	6.714169	20.045314
1.01984E+14	6.745620	20.012863
1.01874E+14	6.777025	19.980399
1.01764E+14	6.808383	19.947920
1.01654E+14	6.839696	19.915427
1.01545E+14	6.870961	19.882920
1.01435E+14	6.902181	19.850399
1.01326E+14	6.933354	19.817864
1.01217E+14	6.964481	19.785316
1.01109E+14	6.995562	19.752753
1.01000E+14	7.026597	19.720177
1.00892E+14	7.057585	19.687586
1.00784E+14	7.088527	19.654982
1.00676E+14	7.119423	19.622363
1.00569E+14	7.150272	19.589731
1.00461E+14	7.181075	19.557085
1.00354E+14	7.211832	19.524424
1.00248E+14	7.242543	19.491750
1.00141E+14	7.273207	19.459062
1.00035E+14	7.303825	19.426360
9.99285E+13	7.326591	19.400606
9.98226E+13	7.344825	19.378867
9.97169E+13	7.363041	19.357124
9.96114E+13	7.381237	19.335378
9.95062E+13	7.399414	19.313628
9.94011E+13	7.417572	19.291875
9.92963E+13	7.435712	19.270117
9.91918E+13	7.453831	19.248357
9.90874E+13	7.471932	19.226592
9.89833E+13	7.490014	19.204824
9.88793E+13	7.508077	19.183053
9.87756E+13	7.512143	19.163260
9.86722E+13	7.515310	19.143600
9.85689E+13	7.518470	19.123948
9.84658E+13	7.521624	19.104303
9.83630E+13	7.524772	19.084666
9.82604E+13	7.527914	19.065036
9.81580E+13	7.531050	19.045414
9.80558E+13	7.534179	19.025799
9.79538E+13	7.537303	19.006191
9.78520E+13	7.540420	18.986591
9.77505E+13	7.543531	18.966998
9.76491E+13	7.546636	18.947413
9.75480E+13	7.549735	18.927835
9.74471E+13	7.552827	18.908264
9.73463E+13	7.555914	18.888701
9.72458E+13	7.558994	18.869145
9.71455E+13	7.562068	18.849597
9.70454E+13	7.565136	18.830056
9.69455E+13	7.568198	18.810523
9.68458E+13	7.571253	18.790996
9.67464E+13	7.574303	18.771478
9.66471E+13	7.577346	18.751966
9.65480E+13	7.580383	18.732463
9.64491E+13	7.583414	18.712966
9.63505E+13	7.586439	18.693477
9.62520E+13	7.589458	18.673996
9.61537E+13	7.592471	18.654521
9.60557E+13	7.595477	18.635055
9.59578E+13	7.598477	18.615595
9.58601E+13	7.601471	18.596143
9.57627E+13	7.604459	18.576699
9.56654E+13	7.607441	18.557261
9.55683E+13	7.610416	18.537832
9.54714E+13	7.609377	18.524626
9.53748E+13	7.605662	18.515572
9.52783E+13	7.601948	18.506521
9.51820E+13	7.598235	18.497471
9.50859E+13	7.594522	18.488424
9.49900E+13	7.590811	18.479379
9.48943E+13	7.587101	18.470336
9.47988E+13	7.583391	18.461295
9.47034E+13	7.579682	18.452257
9.46083E+13	7.575975	18.443221
9.45134E+13	7.572268	18.434187
9.44186E+13	7.566774	18.434572
9.43241E+13	7.561094	18.435935
9.42297E+13	7.555414	18.437298
9.41355E+13	7.549734	18.438660
9.40415E+13	7.544053	18.440021
9.39477E+13	7.538373	18.441381
9.38541E+13	7.532693	18.442740
9.37607E+13	7.527012	18.444099
9.36674E+13	7.521332	18.445456
9.35743E+13	7.515651	18.446813
9.34815E+13	7.509971	18.448169
9.33888E+13	7.504290	18.449524
9.32963E+13	7.498609	18.450878
9.32039E+13	7.492928	18.452231
9.31118E+13	7.487247	18.453584
9.30198E+13	7.481566	18.454936
9.29280E+13	7.475885	18.456286
9.28364E+13	7.470204	18.457636
9.27450E+13	7.464523	18.458985
9.26538E+13	7.458842	18.460333
9.25627E+13	7.453160	18.461681
9.24718E+13	7.447479	18.463027
9.23811E+13	7.441797	18.464373
9.22906E+13	7.436116	18.465718
9.22003E+13	7.430434	18.467062
9.21101E+13	7.424752	18.468405
9.20201E+13	7.419071	18.469747
9.19303E+13	7.413389	18.471088
9.18406E+13	7.407707	18.472429
9.17512E+13	7.402025	18.473769
9.16619E+13	7.396343	18.475107
9.15728E+13	7.390661	18.476445
9.14838E+13	7.384979	18.477783
9.13950E+13	7.379296	18.479119
9.13064E+13	7.372819	18.482193
9.12180E+13	7.364548	18.489183
9.11297E+13	7.356275	18.496171
9.10416E+13	7.348000	18.503157
9.09537E+13	7.339722	18.510142
9.08660E+13	7.331441	18.517125
9.07784E+13	7.323158	18.524107
9.06910E+13	7.314873	18.531088
9.06037E+13	7.306584	18.538066
9.05167E+13	7.298294	18.545044
9.04297E+13	7.290959	18.553721
9.03430E+13	7.286611	18.567714
9.02564E+13	7.282258	18.581711
9.01700E+13	7.277901	18.595710
9.00838E+13	7.273539	18.609712
8.99977E+13	7.269173	18.623717
8.99118E+13	7.264803	18.637726
8.98260E+13	7.260428	18.651737
8.97404E+13	7.256048	18.665751
8.96550E+13	7.251664	18.679769
8.95697E+13	7.247276	18.693789
8.94846E+13	7.242883	18.707812
8.93997E+13	7.238486	18.721838
8.93149E+13	7.234084	18.735868
8.92303E+13	7.229678	18.749900
8.91458E+13	7.225268	18.763936
8.90615E+13	7.220852	18.777974
8.89774E+13	7.216433	18.792015
8.88934E+13	7.212009	18.806060
8.88096E+13	7.207580	18.820107
8.87259E+13	7.203147	18.834158
8.86424E+13	7.198710	18.848211
8.85591E+13	7.194268	18.862268
8.84759E+13	7.189822	18.876327
8.83928E+13	7.185371	18.890390
8.83100E+13	7.180916	18.904455
8.82272E+13	7.176456	18.918524
8.81447E+13	7.171992	18.932595
8.80623E+13	7.167523	18.946670
8.79800E+13	7.163050	18.960747
8.78979E+13	7.158572	18.974828
8.78159E+13	7.154090	18.988911
8.77341E+13	7.149604	19.002998
8.76525E+13	7.145113	19.017088
8.75710E+13	7.141440	19.031059
8.74896E+13	7.139950	19.044710
8.74084E+13	7.138457	19.058364
8.73274E+13	7.136962	19.072023
8.72465E+13	7.135464	19.085686
8.71657E+13	7.133964	19.099352
8.70851E+13	7.132461	19.113023
8.70047E+13	7.130956	19.126697
8.69244E+13	7.129448	19.140375
8.68442E+13	7.127937	19.154057
8.67642E+13	7.126425	19.167743
8.66844E+13	7.126966	19.185910
8.66047E+13	7.128998	19.207337
8.65251E+13	7.131028	19.228775
8.64457E+13	7.133056	19.250223
8.63664E+13	7.135083	19.271684
8.62873E+13	7.137107	19.293155
8.62083E+13	7.139130	19.314637
8.61295E+13	7.141151	19.336131
8.60508E+13	7.143170	19.357635
8.59722E+13	7.145187	19.379151
8.58938E+13	7.147202	19.400678
8.58156E+13	7.149216	19.422216
8.57374E+13	7.151227	19.443766
8.56595E+13	7.153237	19.465326
8.55816E+13	7.155245	19.486898
8.55039E+13	7.157250	19.508481
8.54264E+13	7.159254	19.530074
8.53490E+13	7.161257	19.551680
8.52717E+13	7.163257	19.573296
8.51946E+13	7.165255	19.594923
8.51176E+13	7.167252	19.616562
8.50407E+13	7.169246	19.638211
8.49640E+13	7.171239	19.659872
8.48874E+13	7.173230	19.681544
8.48110E+13	7.175219	19.703227
8.47347E+13	7.177206	19.724922
8.46585E+13	7.179191	19.746627
8.45825E+13	7.181175	19.768344
8.45066E+13	7.183156	19.790072
8.44308E+13	7.185136	19.811811
8.43552E+13	7.187114	19.833561
8.42797E+13	7.189090	19.855322
8.42044E+13	7.191064	19.877094
8.41291E+13	7.193705	19.898427
8.40541E+13	7.198473	19.918335
8.39791E+13	7.203242	19.938254
8.39043E+13	7.208013	19.958182
8.38296E+13	7.212784	19.978120
8.37551E+13	7.217557	19.998068
8.36807E+13	7.222332	20.018025
8.36064E+13	7.227107	20.037993
8.35322E+13	7.231884	20.057970
8.34582E+13	7.236661	20.077957
8.33843E+13	7.241441	20.097954
8.33106E+13	7.247294	20.119898
8.32369E+13	7.254044	20.143470
8.31634E+13	7.260797	20.167056
8.30901E+13	7.267554	20.190656
8.30168E+13	7.274313	20.214270
8.29437E+13	7.281075	20.237897
8.28707E+13	7.287840	20.261538
8.27979E+13	7.294608	20.285192
8.27251E+13	7.301379	20.308861
8.26525E+13	7.308153	20.332543
8.25801E+13	7.314930	20.356239
8.25077E+13	7.321710	20.379948
8.24355E+13	7.328493	20.403672
8.23634E+13	7.335279	20.427409
8.22915E+13	7.342068	20.451160
8.22196E+13	7.348860	20.474924
8.21479E+13	7.355654	20.498702
8.20763E+13	7.362452	20.522494
8.20049E+13	7.369253	20.546300
8.19335E+13	7.376056	20.570120
8.18623E+13	7.382863	20.593953
8.17912E+13	7.389672	20.617800
8.17202E+13	7.396485	20.641660
8.16494E+13	7.403300	20.665535
8.15787E+13	7.410119	20.689423
8.15081E+13	7.416940	20.713325
8.14376E+13	7.423764	20.737241
8.13672E+13	7.430592	20.761170
8.12970E+13	7.437422	20.785113
8.12269E+13	7.444255	20.809070
8.11569E+13	7.451091	20.833040
8.10870E+13	7.457930	20.857025
8.10173E+13	7.464772	20.881023
8.09476E+13	7.471617	20.905034
8.08781E+13	7.478465	20.929060
8.08087E+13	7.489677	20.953769
8.07395E+13	7.501140	20.978529
8.06703E+13	7.512612	21.003305
8.06013E+13	7.524092	21.028094
8.05323E+13	7.535581	21.052899
8.04635E+13	7.547078	21.077717
8.03949E+13	7.558584	21.102550
8.03263E+13	7.570097	21.127398
8.02578E+13	7.581620	21.152260
8.01895E+13	7.593150	21.177137
8.01213E+13	7.605108	21.200139
8.00532E+13	7.617131	21.222902
7.99852E+13	7.629163	21.245676
7.99173E+13	7.641203	21.268462
7.98496E+13	7.653252	21.291260
7.97819E+13	7.665310	21.314069
7.97144E+13	7.677376	21.336891
7.96470E+13	7.689451	21.359725
7.95797E+13	7.701535	21.382570
7.95125E+13	7.713627	21.405428
7.94454E+13	7.725727	21.428297
7.93785E+13	7.737837	21.451178
7.93116E+13	7.749955	21.474071
7.92449E+13	7.762081	21.496976
7.91783E+13	7.774217	21.519893
7.91118E+13	7.786361	21.542822
7.90454E+13	7.798513	21.565763
7.89791E+13	7.810674	21.588716
7.89129E+13	7.822844	21.611680
7.88469E+13	7.835022	21.634657
7.87809E+13	7.847209	21.657645
7.87151E+13	7.859405	21.680645
7.86493E+13	7.871609	21.703657
7.85837E+13	7.883822	21.726681
7.85182E+13	7.896044	21.749717
7.84528E+13	7.908274	21.772765
7.83875E+13	7.920513	21.795825
7.83223E+13	7.932760	21.818897
7.82572E+13	7.945017	21.841980
7.81923E+13	7.957281	21.865076
7.81274E+13	7.969555	21.888183
7.80626E+13	7.981837	21.911302
7.79980E+13	7.994127	21.934433
7.79335E+13	8.006426	21.957577
7.78690E+13	8.019453	21.981921
7.78047E+13	8.032558	22.006393
7.77405E+13	8.045673	22.030877
7.76764E+13	8.058798	22.055375
7.76123E+13	8.071932	22.079887
7.75484E+13	8.085077	22.104411
7.74846E+13	8.098230	22.128949
7.74209E+13	8.111394	22.153500
7.73574E+13	8.124567	22.178065
7.72939E+13	8.137751	22.202642
7.72305E+13	8.152743	22.224942
7.71672E+13	8.168071	22.246840
7.71040E+13	8.183409	22.268748
7.70410E+13	8.198760	22.290666
7.69780E+13	8.214121	22.312594
7.69151E+13	8.229495	22.334531
7.68524E+13	8.244880	22.356479
7.67897E+13	8.260276	22.378435
7.67272E+13	8.275684	22.400402
7.66647E+13	8.291103	22.422378
7.66023E+13	8.306534	22.444364
7.65401E+13	8.321976	22.466360
7.64779E+13	8.337430	22.488366
7.64159E+13	8.352896	22.510381
7.63539E+13	8.368373	22.532406
7.62921E+13	8.383861	22.554441
7.62303E+13	8.399361	22.576485
7.61687E+13	8.414873	22.598539
7.61071E+13	8.430396	22.620603
7.60457E+13	8.445931	22.642677
7.59843E+13	8.461477	22.664760
7.59231E+13	8.477035	22.686853
7.58619E+13	8.492604	22.708956
7.58009E+13	8.508185	22.731069
7.57399E+13	8.523777	22.753191
7.56791E+13	8.539381	22.775323
7.56183E+13	8.554996	22.797465
7.55576E+13	8.570623	22.819616
7.54971E+13	8.586261	22.841777
7.54366E+13	8.601911	22.863948
7.53762E+13	8.617572	22.886129
7.53159E+13	8.633245	22.908319
7.52558E+13	8.648930	22.930519
7.51957E+13	8.664626	22.952729
7.51357E+13	8.680333	22.974949
7.50758E+13	8.697368	22.998543
7.50160E+13	8.715222	23.022983
7.49563E+13	8.733091	23.047435
7.48967E+13	8.750974	23.071898
7.48372E+13	8.768872	23.096373
7.47778E+13	8.786784	23.120859
7.47184E+13	8.804711	23.145357
7.46592E+13	8.822652	23.169867
7.46001E+13	8.840609	23.194388
7.45410E+13	8.858579	23.218921
7.44821E+13	8.876845	23.240629
7.44232E+13	8.895350	23.260077
7.43645E+13	8.913867	23.279530
7.43058E+13	8.932398	23.298990
7.42472E+13	8.950943	23.318455
7.41887E+13	8.969500	23.337926
7.41303E+13	8.988071	23.357402
7.40720E+13	9.006655	23.376885
7.40138E+13	9.025252	23.396373
7.39557E+13	9.043862	23.415868
7.38977E+13	9.062486	23.435368
7.38397E+13	9.081123	23.454874
7.37819E+13	9.099773	23.474385
7.37241E+13	9.118436	23.493903
7.36665E+13	9.137113	23.513426
7.36089E+13	9.155803	23.532955
7.35514E+13	9.174506	23.552491
7.34940E+13	9.193222	23.572031
7.34367E+13	9.211952	23.591578
7.33795E+13	9.230695	23.611131
7.33224E+13	9.249451	23.630689
7.32653E+13	9.268220	23.650253
7.32084E+13	9.287003	23.669824
7.31515E+13	9.305799	23.689399
7.30947E+13	9.324608	23.708981
7.30381E+13	9.343430	23.728569
7.29815E+13	9.362266	23.748162
7.29250E+13	9.381115	23.767761
7.28685E+13	9.399977	23.787366
7.28122E+13	9.418852	23.806977
7.27560E+13	9.437741	23.826594
7.26998E+13	9.456643	23.846217
7.26437E+13	9.475558	23.865845
7.25877E+13	9.494486	23.885479
7.25318E+13	9.514667	23.904088
7.24760E+13	9.535737	23.921974
7.24203E+13	9.556821	23.939863
7.23646E+13	9.577919	23.957755
7.23091E+13	9.599032	23.975650
7.22536E+13	9.620159	23.993548
7.21982E+13	9.641301	24.011449
7.21429E+13	9.662458	24.029354
7.20877E+13	9.683628	24.047262
7.20326E+13	9.704814	24.065173
7.19775E+13	9.725310	24.083407
7.19225E+13	9.745175	24.101939
7.18677E+13	9.765053	24.120476
7.18129E+13	9.784945	24.139017
7.17582E+13	9.804850	24.157562
7.17035E+13	9.824769	24.176112
7.16490E+13	9.844701	24.194666
7.15945E+13	9.864647	24.213225
7.15401E+13	9.884606	24.231788
7.14858E+13	9.904579	24.250355
7.14316E+13	9.924565	24.268927
7.13775E+13	9.944565	24.287503
7.13234E+13	9.964578	24.306083
7.12695E+13	9.984604	24.324668
7.12156E+13	10.004645	24.343258
7.11618E+13	10.024698	24.361851
7.11080E+13	10.044766	24.380449
7.10544E+13	10.064846	24.399052
7.10008E+13	10.084941	24.417659
7.09473E+13	10.105049	24.436270
7.08939E+13	10.125170	24.454886
7.08406E+13	10.145305	24.473506
7.07874E+13	10.165453	24.492130
7.07342E+13	10.185615	24.510759
7.06811E+13	10.205790	24.529392
7.06281E+13	10.225979	24.548030
7.05752E+13	10.246181	24.566672
7.05223E+13	10.266397	24.585318
7.04696E+13	10.286626	24.603969
7.04169E+13	10.306869	24.622625
7.03643E+13	10.327125	24.641284
7.03117E+13	10.347395	24.659948
7.02593E+13	10.367678	24.678617
7.02069E+13	10.387975	24.697289
7.01546E+13	10.408286	24.715967
7.01024E+13	10.429111	24.734227
7.00503E+13	10.451156	24.751480
6.99982E+13	10.473214	24.768734
6.99462E+13	10.495288	24.785991
6.98943E+13	10.517375	24.803251
6.98425E+13	10.539477	24.820513
6.97907E+13	10.561594	24.837777
6.97390E+13	10.583724	24.855043
6.96874E+13	10.605870	24.872311
6.96359E+13	10.628029	24.889582
6.95845E+13	10.649925	24.906499
6.95331E+13	10.670899	24.922219
6.94818E+13	10.691886	24.937942
6.94306E+13	10.712885	24.953665
6.93794E+13	10.733896	24.969390
6.93284E+13	10.754921	24.985117
6.92774E+13	10.775958	25.000845
6.92264E+13	10.797007	25.016575
6.91756E+13	10.818069	25.032306
6.91248E+13	10.839144	25.048039
6.90741E+13	10.860231	25.063773
6.90235E+13	10.881331	25.079509
6.89730E+13	10.902443	25.095246
6.89225E+13	10.923568	25.110985
6.88721E+13	10.944706	25.126725
6.88218E+13	10.965856	25.142467
6.87715E+13	10.987018	25.158211
6.87213E+13	11.008194	25.173955
6.86712E+13	11.029382	25.189702
6.86212E+13	11.050582	25.205450
6.85712E+13	11.071795	25.221199
6.85213E+13	11.093021	25.236950
6.84715E+13	11.114259	25.252703
6.84218E+13	11.135510	25.268456
6.83721E+13	11.156773	25.284212
6.83225E+13	11.178049	25.299969
6.82730E+13	11.199338	25.315728
6.82235E+13	11.220639	25.331488
6.81741E+13	11.241953	25.347249
6.81248E+13	11.263279	25.363012
6.80756E+13	11.284618	25.378777
6.80264E+13	11.305969	25.394543
6.79773E+13	11.327333	25.410310
6.79283E+13	11.350185	25.426211
6.78793E+13	11.374422	25.442235
6.78304E+13	11.398675	25.458259
6.77816E+13	11.422942	25.474284
6.77329E+13	11.447225	25.490308
6.76842E+13	11.471523	25.506333
6.76356E+13	11.495836	25.522358
6.75871E+13	11.520164	25.538384
6.75386E+13	11.544507	25.554409
6.74902E+13	11.568866	25.570435
6.74419E+13	11.593240	25.586462
6.73936E+13	11.617146	25.602177
6.73454E+13	11.639073	25.616609
6.72973E+13	11.661013	25.631041
6.72493E+13	11.682964	25.645474
6.72013E+13	11.704929	25.659907
6.71534E+13	11.726905	25.674340
6.71055E+13	11.748893	25.688773
6.70577E+13	11.770894	25.703206
6.70100E+13	11.792907	25.717640
6.69624E+13	11.814933	25.732074
6.69148E+13	11.836970	25.746508
6.68673E+13	11.859020	25.760943
6.68198E+13	11.881082	25.775377
6.67725E+13	11.903157	25.789812
6.67252E+13	11.925243	25.804248
6.66779E+13	11.947342	25.818683
6.66308E+13	11.969453	25.833119
6.65837E+13	11.991576	25.847554
6.65366E+13	12.013712	25.861991
6.64896E+13	12.035860	25.876427
6.64427E+13	12.058020	25.890864
6.63959E+13	12.080192	25.905300
6.63491E+13	12.102377	25.919737
6.63024E+13	12.124574	25.934175
6.62558E+13	12.146783	25.948612
6.62092E+13	12.169004	25.963050
6.61627E+13	12.191238	25.977488
6.61162E+13	12.213483	25.991926
6.60699E+13	12.235741	26.006365
6.60235E+13	12.258012	26.020804
6.59773E+13	12.280294	26.035243
6.59311E+13	12.302589	26.049682
6.58850E+13	12.324896	26.064122
6.58389E+13	12.347215	26.078561
6.57929E+13	12.369384	26.092898
6.57470E+13	12.391006	26.106882
6.57011E+13	12.412639	26.120865
6.56553E+13	12.434283	26.134850
6.56096E+13	12.455939	26.148834
6.55639E+13	12.477606	26.162818
6.55183E+13	12.499285	26.176803
6.54728E+13	12.520976	26.190788
6.54273E+13	12.542677	26.204773
6.53819E+13	12.564391	26.218759
6.53365E+13	12.586116	26.232744
6.52912E+13	12.608508	26.244708
6.52460E+13	12.631488	26.254891
6.52008E+13	12.654478	26.265070
6.51557E+13	12.677479	26.275246
6.51107E+13	12.700490	26.285419
6.50657E+13	12.723512	26.295589
6.50208E+13	12.746544	26.305755
6.49759E+13	12.769587	26.315919
6.49311E+13	12.792639	26.326080
6.48864E+13	12.815703	26.336237
6.48417E+13	12.838776	26.346392
6.47971E+13	12.861860	26.356543
6.47525E+13	12.884955	26.366691
6.47081E+13	12.908060	26.376836
6.46636E+13	12.931175	26.386979
6.46193E+13	12.954301	26.397118
6.45750E+13	12.977437	26.407254
6.45307E+13	13.000583	26.417386
6.44865E+13	13.023740	26.427516
6.44424E+13	13.046907	26.437643
6.43983E+13	13.070085	26.447766
6.43543E+13	13.093273	26.457887
6.43104E+13	13.116471	26.468004
6.42665E+13	13.139680	26.478119
6.42227E+13	13.162899	26.488230
6.41789E+13	13.186129	26.498338
6.41352E+13	13.209369	26.508443
6.40916E+13	13.232619	26.518545
6.40480E+13	13.255880	26.528644
6.40045E+13	13.279151	26.538740
6.39610E+13	13.302433	26.548833
6.39176E+13	13.325725	26.558922
6.38742E+13	13.349027	26.569009
6.38310E+13	13.372340	26.579092
6.37877E+13	13.395663	26.589173
6.37446E+13	13.420468	26.599529
6.37014E+13	13.445390	26.609902
6.36584E+13	13.470322	26.620271
6.36154E+13	13.495267	26.630636
6.35724E+13	13.520223	26.640997
6.35296E+13	13.545191	26.651354
6.34867E+13	13.570170	26.661708
6.34440E+13	13.595161	26.672058
6.34013E+13	13.620164	26.682404
6.33586E+13	13.645178	26.692746