7.53461E+15	3.088233	3.009638
6.97649E+15	3.287416	3.301686
6.49535E+15	3.317585	3.553425
6.07630E+15	3.575736	3.771512
5.70804E+15	3.951925	3.879291
5.38186E+15	4.361935	3.862341
5.09095E+15	4.733980	3.759331
4.82988E+15	5.097999	3.597204
4.59427E+15	5.505725	3.383604
4.38059E+15	5.836197	2.955381
4.18589E+15	5.946109	2.436701
4.00777E+15	5.844403	1.992022
3.84419E+15	5.652204	1.703183
3.69343E+15	5.457947	1.512467
3.55406E+15	5.281288	1.378623
3.42482E+15	5.115101	1.283046
3.30465E+15	4.949172	1.212430
3.19263E+15	4.777932	1.157297
3.08795E+15	4.604958	1.121410
2.98992E+15	4.434309	1.117461
2.89793E+15	4.268716	1.139712
2.81142E+15	4.110060	1.183133
2.72993E+15	3.959688	1.243642
2.65303E+15	3.818814	1.317852
2.58034E+15	3.688389	1.403065
2.51154E+15	3.568798	1.496947
2.44630E+15	3.460138	1.597660
2.38437E+15	3.362331	1.703659
2.32550E+15	3.275100	1.813655
2.26946E+15	3.197869	1.926618
2.21606E+15	3.129069	2.041636
2.16512E+15	3.066755	2.158000
2.11646E+15	3.009391	2.275092
2.06995E+15	2.955730	2.392422
2.02543E+15	2.904783	2.509605
1.98279E+15	2.855794	2.626237
1.94191E+15	2.808107	2.742118
1.90268E+15	2.761261	2.856939
1.86500E+15	2.714818	2.970522
1.82879E+15	2.668508	3.082784
1.79395E+15	2.622112	3.193554
1.76042E+15	2.576005	3.302733
1.72812E+15	2.530844	3.410267
1.69698E+15	2.487143	3.516162
1.66695E+15	2.445337	3.625421
1.63796E+15	2.405772	3.740153
1.60996E+15	2.368692	3.859576
1.58290E+15	2.334253	3.982853
1.55674E+15	2.302606	4.109345
1.53142E+15	2.273809	4.238368
1.50692E+15	2.247947	4.369533
1.48319E+15	2.224982	4.502278
1.46020E+15	2.204929	4.636187
1.43790E+15	2.187777	4.770957
1.41628E+15	2.173544	4.906254
1.39530E+15	2.162218	5.041808
1.37493E+15	2.153769	5.177331
1.35515E+15	2.148169	5.312705
1.33592E+15	2.145352	5.447614
1.31724E+15	2.145241	5.581970
1.29907E+15	2.147839	5.715633
1.28140E+15	2.152955	5.848466
1.26420E+15	2.160569	5.980375
1.24745E+15	2.170612	6.111258
1.23114E+15	2.182937	6.241008
1.21526E+15	2.197506	6.369567
1.19978E+15	2.214208	6.496940
1.18469E+15	2.232965	6.623024
1.16997E+15	2.236281	6.771861
1.15561E+15	2.217309	6.952276
1.14161E+15	2.197197	7.134666
1.12794E+15	2.175798	7.318923
1.11459E+15	2.153080	7.505018
1.10155E+15	2.128971	7.692893
1.08882E+15	2.103383	7.882475
1.07637E+15	2.076228	8.073688
1.06421E+15	2.047427	8.266462
1.05232E+15	2.016877	8.460705
1.04069E+15	1.984564	8.656395
1.02932E+15	1.950367	8.853420
1.01819E+15	1.914298	9.051776
1.00730E+15	1.876253	9.251366
9.96641E+14	1.836226	9.452167
9.86205E+14	1.794177	9.654130
9.75985E+14	1.750032	9.857179
9.65975E+14	1.703817	10.061317
9.56168E+14	1.655440	10.266448
9.46559E+14	1.604951	10.472599
9.37140E+14	1.552264	10.679676
9.27907E+14	1.497416	10.887695
9.18854E+14	1.440338	11.096577
9.09977E+14	1.381041	11.306314
9.01269E+14	1.319482	11.516848
8.92726E+14	1.255725	11.728219
8.84343E+14	1.189661	11.940310
8.76117E+14	1.129736	12.144016
8.68042E+14	1.082875	12.331795
8.60115E+14	1.032342	12.522085
8.52331E+14	0.975430	12.717695
8.44687E+14	0.916660	12.913802
8.37178E+14	0.855992	13.110355
8.29802E+14	0.793422	13.307336
8.22555E+14	0.725628	13.508216
8.15434E+14	0.655496	13.709962
8.08434E+14	0.583418	13.912158
8.01554E+14	0.510237	14.113758
7.94790E+14	0.441888	14.308770
7.88139E+14	0.371711	14.504095
7.81598E+14	0.299715	14.699725
7.75165E+14	0.225671	14.895882
7.68837E+14	0.149387	15.092779
7.62612E+14	0.071268	15.289947
7.56487E+14	-0.008685	15.487374
7.50459E+14	-0.090257	15.685262
7.44526E+14	-0.173537	15.883514
7.38687E+14	-0.258513	16.082131
7.32938E+14	-0.345210	16.281075
7.27279E+14	-0.430784	16.477601
7.21706E+14	-0.517411	16.673608
7.16217E+14	-0.605754	16.869831
7.10812E+14	-0.695905	17.066333
7.05487E+14	-0.791308	17.266494
7.00242E+14	-0.888465	17.466885
6.95074E+14	-0.987286	17.667589
6.89982E+14	-1.084605	17.865441
6.84964E+14	-1.173569	18.054393
6.80019E+14	-1.264015	18.243532
6.75144E+14	-1.355834	18.432968
6.70339E+14	-1.449069	18.622650
6.65601E+14	-1.557916	18.825770
6.60930E+14	-1.669454	19.030228
6.56325E+14	-1.782559	19.235079
6.51783E+14	-1.897527	19.440485
6.47303E+14	-2.022181	19.653774
6.42884E+14	-2.148588	19.867419
6.38526E+14	-2.276585	20.081594
6.34226E+14	-2.398125	20.288894
6.29984E+14	-2.497104	20.475399
6.25798E+14	-2.597285	20.662185
6.21667E+14	-2.698669	20.849242
6.17591E+14	-2.801173	21.036662
6.13567E+14	-2.907239	21.226481
6.09596E+14	-3.021195	21.422460
6.05676E+14	-3.136413	21.618802
6.01806E+14	-3.252859	21.815542
5.97985E+14	-3.370572	22.012631
5.94212E+14	-3.487269	22.208091
5.90486E+14	-3.597519	22.397432
5.86807E+14	-3.708890	22.587094
5.83174E+14	-3.821327	22.777140
5.79585E+14	-3.934926	22.967451
5.76040E+14	-4.049465	23.158083
5.72538E+14	-4.164747	23.348639
5.69079E+14	-4.281110	23.539536
5.65661E+14	-4.398527	23.730807
5.62284E+14	-4.517110	23.922312
5.58947E+14	-4.639581	24.116287
5.55649E+14	-4.776951	24.321633
5.52390E+14	-4.915689	24.527251
5.49170E+14	-5.055924	24.732977
5.45986E+14	-5.197659	24.938801
5.42839E+14	-5.320584	25.128254
5.39728E+14	-5.429617	25.305371
5.36653E+14	-5.539802	25.482397
5.33612E+14	-5.651238	25.659201
5.30606E+14	-5.763822	25.835907
5.27633E+14	-5.877713	26.012311
5.24694E+14	-6.001455	26.195436
5.21787E+14	-6.129632	26.380715
5.18912E+14	-6.259196	26.565754
5.16069E+14	-6.390142	26.750550
5.13257E+14	-6.522180	26.934677
5.10475E+14	-6.642074	27.108019
5.07723E+14	-6.763363	27.280870
5.05000E+14	-6.885889	27.453427
5.02307E+14	-7.009773	27.625527
4.99642E+14	-7.135611	27.797616
4.97006E+14	-7.278156	27.981209
4.94397E+14	-7.422139	28.164454
4.91815E+14	-7.567645	28.347232
4.89260E+14	-7.714653	28.529564
4.86732E+14	-7.863170	28.711429
4.84229E+14	-8.009808	28.890282
4.81752E+14	-8.155497	29.066863
4.79301E+14	-8.302648	29.242931
4.76874E+14	-8.451226	29.418522
4.74471E+14	-8.601279	29.593565
4.72093E+14	-8.763642	29.776244
4.69739E+14	-8.934551	29.963611
4.67407E+14	-9.107042	30.150522
4.65099E+14	-9.281172	30.336888
4.62814E+14	-9.450171	30.517780
4.60551E+14	-9.582198	30.669856
4.58309E+14	-9.715441	30.821324
4.56090E+14	-9.849874	30.972213
4.53892E+14	-9.985481	31.122540
4.51715E+14	-10.122329	31.272204
4.49559E+14	-10.291186	31.443602
4.47423E+14	-10.464617	31.616765
4.45308E+14	-10.639545	31.789326
4.43212E+14	-10.815964	31.961282
4.41136E+14	-10.993772	32.132766
4.39080E+14	-11.169053	32.300809
4.37042E+14	-11.345220	32.467800
4.35023E+14	-11.522708	32.634330
4.33023E+14	-11.701660	32.800187
4.31042E+14	-11.882010	32.965458
4.29078E+14	-12.052096	33.122068
4.27132E+14	-12.221283	33.276566
4.25204E+14	-12.391732	33.430473
4.23292E+14	-12.563430	33.583801
4.21399E+14	-12.736414	33.736487
4.19522E+14	-12.916034	33.892355
4.17661E+14	-13.136498	34.074802
4.15817E+14	-13.358561	34.256729
4.13989E+14	-13.582231	34.438115
4.12178E+14	-13.807510	34.618948
4.10382E+14	-14.039113	34.802550
4.08601E+14	-14.275381	34.987753
4.06836E+14	-14.513265	35.172483
4.05086E+14	-14.752766	35.356730
4.03352E+14	-14.958326	35.517035
4.01631E+14	-15.131492	35.654517
3.99926E+14	-15.305663	35.791530
3.98235E+14	-15.480857	35.928040
3.96558E+14	-15.656983	36.064179
3.94896E+14	-15.834092	36.199867
3.93247E+14	-16.008392	36.332613
3.91612E+14	-16.174432	36.458961
3.89990E+14	-16.341310	36.584933
3.88382E+14	-16.509073	36.710449
3.86787E+14	-16.677650	36.835617
3.85205E+14	-16.847059	36.960406
3.83636E+14	-17.017728	37.085079
3.82079E+14	-17.194685	37.212899
3.80536E+14	-17.372466	37.340399
3.79004E+14	-17.551122	37.467496
3.77485E+14	-17.730596	37.594277
3.75978E+14	-17.910925	37.720678
3.74483E+14	-18.084543	37.842055
3.73000E+14	-18.204786	38.016861
3.71529E+14	-18.318983	38.202245
3.70069E+14	-18.433524	38.388074
3.68621E+14	-18.548406	38.574346
3.67184E+14	-18.663632	38.761063
3.65758E+14	-18.779053	38.948131
3.64343E+14	-18.892024	39.133890
3.62939E+14	-19.005322	39.320086
3.61545E+14	-19.118946	39.506718
3.60163E+14	-19.232898	39.693786
3.58791E+14	-19.347177	39.881290
3.57429E+14	-19.461783	40.069231
3.56078E+14	-19.576717	40.257607
3.54737E+14	-19.691977	40.446421
3.53406E+14	-19.807564	40.635670
3.52084E+14	-19.923478	40.825356
3.50773E+14	-20.039719	41.015477
3.49472E+14	-20.156288	41.206036
3.48180E+14	-20.272472	41.396586
3.46897E+14	-20.388172	41.587068
3.45624E+14	-20.504191	41.777982
3.44360E+14	-20.620530	41.969329
3.43106E+14	-20.737188	42.161108
3.41861E+14	-20.854165	42.353319
3.40624E+14	-20.971600	42.546049
3.39397E+14	-21.089988	42.739605
3.38178E+14	-21.208699	42.933595
3.36968E+14	-21.327733	43.128020
3.35767E+14	-21.447091	43.322879
3.34574E+14	-21.566772	43.518172
3.33390E+14	-21.686776	43.713900
3.32214E+14	-21.811973	43.913080
3.31046E+14	-21.938133	44.113089
3.29886E+14	-22.064643	44.313545
3.28735E+14	-22.191505	44.514449
3.27592E+14	-22.318717	44.715802
3.26456E+14	-22.446280	44.917602
3.25328E+14	-22.575144	45.120437
3.24209E+14	-22.705005	45.324119
3.23096E+14	-22.835225	45.528253
3.21992E+14	-22.965804	45.732839
3.20895E+14	-23.096742	45.937876
3.19805E+14	-23.228038	46.143366
3.18723E+14	-23.361179	46.350222
3.17648E+14	-23.498054	46.559606
3.16580E+14	-23.635312	46.769454
3.15520E+14	-23.772953	46.979765
3.14466E+14	-23.910977	47.190540
3.13420E+14	-24.049384	47.401778
3.12380E+14	-24.186667	47.615907
3.11347E+14	-24.232564	47.978081
3.10322E+14	-24.278192	48.341470
3.09302E+14	-24.323554	48.706074
3.08290E+14	-24.368648	49.071892
3.07284E+14	-24.413474	49.438925
3.06285E+14	-24.458033	49.807173
3.05292E+14	-24.474021	50.186794
3.04306E+14	-24.478797	50.571461
3.03326E+14	-24.483025	50.957330
3.02352E+14	-24.486706	51.344401
3.01384E+14	-24.489839	51.732674
3.00423E+14	-24.492424	52.122150
2.99468E+14	-24.494462	52.512827
2.98518E+14	-24.481330	52.886582
2.97575E+14	-24.464092	53.257008
2.96638E+14	-24.446264	53.628452
2.95707E+14	-24.427847	54.000915
2.94781E+14	-24.408840	54.374395
2.93861E+14	-24.389243	54.748894
2.92947E+14	-24.369057	55.124410
2.92039E+14	-24.343795	55.504380
2.91136E+14	-24.282239	55.912601
2.90239E+14	-24.219768	56.321886
2.89347E+14	-24.156382	56.732232
2.88461E+14	-24.092081	57.143641
2.87580E+14	-24.026866	57.556113
2.86705E+14	-23.960735	57.969646
2.85835E+14	-23.893690	58.384243
2.84970E+14	-23.825731	58.799902
2.84110E+14	-23.736914	59.180607
2.83256E+14	-23.622899	59.518033
2.82407E+14	-23.508033	59.855968
2.81562E+14	-23.392314	60.194413
2.80723E+14	-23.275744	60.533368
2.79889E+14	-23.158322	60.872833
2.79059E+14	-23.040049	61.212808
2.78235E+14	-22.920924	61.553293
2.77416E+14	-22.800947	61.894288
2.76601E+14	-22.680119	62.235792
2.75791E+14	-22.558439	62.577807
2.74986E+14	-22.435907	62.920331
2.74185E+14	-22.312524	63.263365
2.73389E+14	-22.188406	63.593711
2.72598E+14	-22.063920	63.882688
2.71811E+14	-21.938765	64.171967
2.71029E+14	-21.812941	64.461547
2.70251E+14	-21.686448	64.751428
2.69478E+14	-21.559286	65.041610
2.68709E+14	-21.431455	65.332094
2.67945E+14	-21.302955	65.622879
2.67185E+14	-21.173786	65.913965
2.66429E+14	-21.043948	66.205353
2.65677E+14	-20.913441	66.497041
2.64930E+14	-20.782265	66.789032
2.64187E+14	-20.650420	67.081323
2.63448E+14	-20.517906	67.373916
2.62713E+14	-20.396583	67.667554
2.61982E+14	-20.292384	67.962670
2.61255E+14	-20.187615	68.258176
2.60533E+14	-20.082274	68.554074
2.59814E+14	-19.976363	68.850362
2.59099E+14	-19.869881	69.147041
2.58388E+14	-19.762829	69.444111
2.57681E+14	-19.655206	69.741572
2.56978E+14	-19.547012	70.039424
2.56279E+14	-19.438247	70.337667
2.55584E+14	-19.328912	70.636300
2.54892E+14	-19.219006	70.935324
2.54204E+14	-19.108529	71.234740
2.53520E+14	-18.990767	71.545820
2.52839E+14	-18.843750	71.905232
2.52162E+14	-18.695859	72.265164
2.51489E+14	-18.547094	72.625614
2.50819E+14	-18.397455	72.986585
2.50153E+14	-18.246943	73.348074
2.49490E+14	-18.095557	73.710083
2.48831E+14	-17.943298	74.072611
2.48175E+14	-17.790165	74.435659
2.47523E+14	-17.636158	74.799226
2.46874E+14	-17.481277	75.163312
2.46229E+14	-17.325523	75.527918
2.45587E+14	-17.168895	75.893044
2.44948E+14	-17.011394	76.258688
2.44313E+14	-16.735487	76.597093
2.43681E+14	-16.456011	76.934919
2.43052E+14	-16.175311	77.272715
2.42426E+14	-15.893388	77.610481
2.41804E+14	-15.610242	77.948217
2.41185E+14	-15.325872	78.285923
2.40569E+14	-15.040279	78.623600
2.39956E+14	-14.753462	78.961246
2.39346E+14	-14.465422	79.298863
2.38739E+14	-14.176158	79.636450
2.38135E+14	-13.885671	79.974006
2.37535E+14	-13.593961	80.311533
2.36937E+14	-13.301027	80.649030
2.36343E+14	-12.996192	80.963765
2.35751E+14	-12.625449	81.139672
2.35162E+14	-12.254023	81.314814
2.34577E+14	-11.881912	81.489191
2.33994E+14	-11.509118	81.662804
2.33414E+14	-11.135640	81.835651
2.32837E+14	-10.761478	82.007732
2.32263E+14	-10.386633	82.179049
2.31691E+14	-10.011104	82.349601
2.31123E+14	-9.634892	82.519388
2.30557E+14	-9.257995	82.688409
2.29994E+14	-8.880415	82.856666
2.29434E+14	-8.503662	83.020810
2.28876E+14	-8.155612	83.119525
2.28321E+14	-7.807218	83.217535
2.27769E+14	-7.458481	83.314840
2.27220E+14	-7.109402	83.411440
2.26673E+14	-6.759980	83.507335
2.26129E+14	-6.410214	83.602526
2.25587E+14	-6.060106	83.697011
2.25048E+14	-5.709655	83.790792
2.24512E+14	-5.358861	83.883867
2.23978E+14	-5.007724	83.976238
2.23446E+14	-4.756277	84.070583
2.22917E+14	-4.555502	84.166008
2.22391E+14	-4.354510	84.261235
2.21867E+14	-4.153302	84.356265
2.21346E+14	-3.951876	84.451097
2.20827E+14	-3.750234	84.545732
2.20310E+14	-3.548375	84.640169
2.19796E+14	-3.346299	84.734409
2.19284E+14	-3.144006	84.828451
2.18775E+14	-2.941496	84.922296
2.18268E+14	-2.738770	85.015943
2.17763E+14	-2.535827	85.109393
2.17261E+14	-2.332667	85.202646
2.16761E+14	-2.129290	85.295701
2.16263E+14	-1.854757	85.422404
2.15768E+14	-1.542504	85.566468
2.15274E+14	-1.229734	85.710074
2.14784E+14	-0.916448	85.853220
2.14295E+14	-0.602644	85.995906
2.13808E+14	-0.288323	86.138134
2.13324E+14	0.026515	86.279903
2.12842E+14	0.341870	86.421212
2.12362E+14	0.657742	86.562063
2.11884E+14	0.974132	86.702454
2.11409E+14	1.291038	86.842386
2.10935E+14	1.644231	86.957726
2.10464E+14	2.134932	86.979483
2.09995E+14	2.625785	86.999861
2.09527E+14	3.116790	87.018861
2.09062E+14	3.607949	87.036482
2.08599E+14	4.091561	87.020382
2.08138E+14	4.556990	86.927584
2.07679E+14	5.021983	86.833570
2.07222E+14	5.486539	86.738337
2.06767E+14	5.950660	86.641887
2.06315E+14	6.480597	86.320875
2.05864E+14	7.031662	85.920115
2.05415E+14	7.548430	85.553080
2.04968E+14	8.011517	85.241733
2.04522E+14	8.472991	84.929551
2.04079E+14	8.932852	84.616535
2.03638E+14	9.576472	84.095261
2.03199E+14	10.224793	83.563075
2.02761E+14	10.735381	83.151119
2.02326E+14	11.156399	82.817898
2.01892E+14	11.575807	82.484067
2.01460E+14	11.993605	82.149624
2.01030E+14	12.353618	81.689574
2.00602E+14	12.652313	81.098664
2.00176E+14	12.948650	80.508989
1.99751E+14	13.176595	79.998386
1.99328E+14	13.312783	79.595358
1.98907E+14	13.448155	79.193097
1.98488E+14	13.582713	78.791601
1.98071E+14	13.716455	78.390873
1.97655E+14	13.741817	77.907834
1.97241E+14	13.764194	77.424222
1.96829E+14	13.786177	76.942043
1.96418E+14	13.807767	76.461297
1.96010E+14	13.612429	75.986113
1.95602E+14	13.182194	75.516324
1.95197E+14	12.754507	75.047220
1.94793E+14	12.329366	74.578802
1.94391E+14	11.906772	74.111069
1.93991E+14	11.486725	73.644022
1.93592E+14	11.069225	73.177660
1.93195E+14	10.654272	72.711983
1.92800E+14	10.241866	72.246992
1.92406E+14	9.832007	71.782686
1.92013E+14	9.383002	71.618086
1.91623E+14	8.929306	71.493504
1.91234E+14	8.476555	71.367713
1.90846E+14	8.024749	71.240713
1.90460E+14	7.573887	71.112504
1.90076E+14	7.123969	70.983086
1.89693E+14	6.390344	70.592888
1.89312E+14	6.048802	70.557266
1.88932E+14	5.707503	70.520849
1.88554E+14	5.487985	70.352368
1.88177E+14	4.886633	70.594736
1.87802E+14	4.283382	70.834814
1.87428E+14	3.678230	71.072604
1.87056E+14	3.071180	71.308105
1.86685E+14	2.692119	71.504147
1.86316E+14	2.483217	71.671963
1.85948E+14	2.273830	71.839653
1.85581E+14	2.063957	72.007217
1.85216E+14	1.853599	72.174656
1.84853E+14	1.642756	72.341969
1.84491E+14	1.523419	72.328908
1.84130E+14	1.434889	72.255489
1.83771E+14	1.346449	72.182055
1.83413E+14	1.258100	72.108606
1.83057E+14	1.169841	72.035142
1.82701E+14	1.081672	71.961663
1.82348E+14	0.993593	71.888169
1.81995E+14	0.905605	71.814660
1.81644E+14	0.817707	71.741136
1.81295E+14	0.729899	71.667596
1.80946E+14	0.642181	71.594042
1.80599E+14	0.554553	71.520473
1.80254E+14	0.134648	71.563784
1.79909E+14	-0.346379	71.626991
1.79566E+14	-0.827834	71.688611
1.79225E+14	-1.309715	71.748643
1.78884E+14	-1.768880	71.840108
1.78545E+14	-2.152430	72.039588
1.78207E+14	-2.537063	72.238352
1.77871E+14	-2.922780	72.436400
1.77535E+14	-3.302302	72.626778
1.77201E+14	-3.674209	72.808240
1.76869E+14	-4.047076	72.989024
1.76537E+14	-4.420904	73.169130
1.76207E+14	-4.790911	73.351993
1.75878E+14	-5.079121	73.593946
1.75550E+14	-5.368287	73.835797
1.75223E+14	-5.658409	74.077544
1.74898E+14	-5.949487	74.319190
1.74574E+14	-6.240975	74.561928
1.74251E+14	-6.509340	74.857508
1.73929E+14	-6.778750	75.153280
1.73608E+14	-7.049205	75.449243
1.73289E+14	-7.320706	75.745399
1.72971E+14	-7.596245	76.044454
1.72654E+14	-7.876861	76.347323
1.72338E+14	-8.158573	76.650387
1.72023E+14	-8.441381	76.953648
1.71709E+14	-8.725284	77.257106
1.71397E+14	-8.954046	77.516805
1.71086E+14	-9.169102	77.765415
1.70775E+14	-9.384827	78.014203
1.70466E+14	-9.601219	78.263169
1.70158E+14	-9.818279	78.512314
1.69851E+14	-9.989875	78.799184
1.69546E+14	-10.147731	79.098129
1.69241E+14	-10.306125	79.397550
1.68937E+14	-10.465055	79.697447
1.68635E+14	-10.624523	79.997821
1.68333E+14	-10.772304	80.287980
1.68033E+14	-10.916052	80.574653
1.67734E+14	-11.060252	80.861769
1.67436E+14	-11.204905	81.149329
1.67139E+14	-11.350010	81.437331
1.66842E+14	-11.494658	81.725304
1.66547E+14	-11.627552	82.007371
1.66253E+14	-11.760842	82.289872
1.65960E+14	-11.894529	82.572806
1.65669E+14	-12.028613	82.856175
1.65378E+14	-12.163092	83.139978
1.65088E+14	-12.297969	83.424215
1.64799E+14	-12.399923	83.722964
1.64511E+14	-12.492688	84.026233
1.64224E+14	-12.585710	84.330037
1.63938E+14	-12.678988	84.634377
1.63653E+14	-12.772522	84.939251
1.63370E+14	-12.866312	85.244660
1.63087E+14	-12.954122	85.545685
1.62805E+14	-13.035615	85.842068
1.62524E+14	-13.117314	86.138956
1.62244E+14	-13.199217	86.436348
1.61965E+14	-13.281326	86.734246
1.61687E+14	-13.363641	87.032648
1.61410E+14	-13.446160	87.331556
1.61134E+14	-13.508320	87.630818
1.60858E+14	-13.554986	87.930476
1.60584E+14	-13.601732	88.230646
1.60311E+14	-13.648559	88.531327
1.60038E+14	-13.695466	88.832520
1.59767E+14	-13.742454	89.134224
1.59496E+14	-13.789523	89.436439
1.59227E+14	-13.836671	89.739166
1.58958E+14	-13.877095	90.040156
1.58690E+14	-13.906952	90.338138
1.58423E+14	-13.936833	90.636611
1.58157E+14	-13.966737	90.935575
1.57892E+14	-13.996663	91.235029
1.57628E+14	-14.026613	91.534975
1.57364E+14	-14.056586	91.835411
1.57102E+14	-14.086582	92.136338
1.56840E+14	-14.116601	92.437756
1.56580E+14	-14.136294	92.736291
1.56320E+14	-14.148597	93.032897
1.56061E+14	-14.160867	93.329970
1.55802E+14	-14.173106	93.627511
1.55545E+14	-14.185313	93.925520
1.55289E+14	-14.197488	94.223997
1.55033E+14	-14.209631	94.522942
1.54778E+14	-14.221741	94.822354
1.54524E+14	-14.233820	95.122235
1.54271E+14	-14.233339	95.410562
1.54019E+14	-14.224754	95.691599
1.53767E+14	-14.216084	95.973037
1.53517E+14	-14.207329	96.254874
1.53267E+14	-14.198490	96.537112
1.53018E+14	-14.189566	96.819751
1.52770E+14	-14.180556	97.102789
1.52522E+14	-14.171462	97.386228
1.52276E+14	-14.162284	97.670067
1.52030E+14	-14.153020	97.954307
1.51785E+14	-14.165402	98.250780
1.51541E+14	-14.186549	98.552484
1.51297E+14	-14.207695	98.854648
1.51055E+14	-14.228840	99.157273
1.50813E+14	-14.249983	99.460358
1.50572E+14	-14.271124	99.763902
1.50331E+14	-14.292264	100.067907
1.50092E+14	-14.313403	100.372371
1.49853E+14	-14.332144	100.676809
1.49615E+14	-14.276475	100.966556
1.49378E+14	-14.220593	101.256674
1.49141E+14	-14.164499	101.547162
1.48905E+14	-14.108192	101.838022
1.48670E+14	-14.051672	102.129252
1.48436E+14	-13.994940	102.420853
1.48202E+14	-13.937996	102.712825
1.47969E+14	-13.880838	103.005167
1.47737E+14	-13.823468	103.297881
1.47506E+14	-13.765886	103.590965
1.47275E+14	-13.708091	103.884420
1.47045E+14	-13.650083	104.178246
1.46816E+14	-13.590263	104.457922
1.46588E+14	-13.526916	104.707631
1.46360E+14	-13.463384	104.957594
1.46133E+14	-13.399667	105.207812
1.45906E+14	-13.335767	105.458285
1.45681E+14	-13.271682	105.709014
1.45456E+14	-13.207413	105.959997
1.45231E+14	-13.142959	106.211235
1.45008E+14	-13.078322	106.462729
1.44785E+14	-13.013500	106.714477
1.44563E+14	-12.948493	106.966481
1.44341E+14	-12.883302	107.218739
1.44120E+14	-12.817927	107.471253
1.43900E+14	-12.752368	107.724021
1.43681E+14	-12.680042	107.966651
1.43462E+14	-12.600533	108.198452
1.43243E+14	-12.520831	108.430450
1.43026E+14	-12.440935	108.662645
1.42809E+14	-12.360846	108.895036
1.42593E+14	-12.280563	109.127624
1.42377E+14	-12.200087	109.360409
1.42162E+14	-12.119417	109.593390
1.41948E+14	-12.038553	109.826568
1.41735E+14	-11.957496	110.059943
1.41522E+14	-11.876246	110.293515
1.41309E+14	-11.794802	110.527283
1.41097E+14	-11.713165	110.761248
1.40886E+14	-11.631334	110.995410
1.40676E+14	-11.544847	111.219743
1.40466E+14	-11.455720	111.438739
1.40257E+14	-11.366401	111.657896
1.40048E+14	-11.276890	111.877213
1.39841E+14	-11.187187	112.096689
1.39633E+14	-11.097292	112.316326
1.39426E+14	-11.007206	112.536122
1.39220E+14	-10.916927	112.756078
1.39015E+14	-10.826457	112.976194
1.38810E+14	-10.735795	113.196470
1.38606E+14	-10.644941	113.416906
1.38402E+14	-10.553895	113.637502
1.38199E+14	-10.462658	113.858258
1.37996E+14	-10.371228	114.079173
1.37795E+14	-10.281953	114.280969
1.37593E+14	-10.193074	114.478259
1.37393E+14	-10.104032	114.675670
1.37192E+14	-10.014825	114.873202
1.36993E+14	-9.925454	115.070855
1.36794E+14	-9.835919	115.268629
1.36595E+14	-9.746220	115.466524
1.36398E+14	-9.656356	115.664540
1.36200E+14	-9.566329	115.862676
1.36004E+14	-9.476137	116.060934
1.35808E+14	-9.385781	116.259313
1.35612E+14	-9.295262	116.457812
1.35417E+14	-9.204578	116.656432
1.35223E+14	-9.113730	116.855174
1.35029E+14	-9.022457	117.039218
1.34835E+14	-8.931024	117.222854
1.34643E+14	-8.839440	117.406586
1.34451E+14	-8.747706	117.590416
1.34259E+14	-8.655821	117.774342
1.34068E+14	-8.563785	117.958365
1.33877E+14	-8.471599	118.142484
1.33687E+14	-8.379262	118.326700
1.33498E+14	-8.286774	118.511013
1.33309E+14	-8.194135	118.695423
1.33120E+14	-8.101345	118.879929
1.32932E+14	-8.008405	119.064532
1.32745E+14	-7.915314	119.249232
1.32558E+14	-7.822643	119.431640
1.32372E+14	-7.733731	119.597823
1.32186E+14	-7.644690	119.764080
1.32001E+14	-7.555521	119.930410
1.31816E+14	-7.466223	120.096815
1.31632E+14	-7.376797	120.263294
1.31448E+14	-7.287242	120.429847
1.31265E+14	-7.197559	120.596475
1.31082E+14	-7.107748	120.763176
1.30900E+14	-7.017808	120.929951
1.30718E+14	-6.927739	121.096801
1.30537E+14	-6.837542	121.263724
1.30357E+14	-6.747217	121.430722
1.30176E+14	-6.656763	121.597794
1.29997E+14	-6.568777	121.758926
1.29817E+14	-6.487083	121.905283
1.29639E+14	-6.405288	122.051696
1.29461E+14	-6.323392	122.198163
1.29283E+14	-6.241395	122.344685
1.29106E+14	-6.159297	122.491263
1.28929E+14	-6.077098	122.637896
1.28753E+14	-5.994798	122.784584
1.28577E+14	-5.912397	122.931327
1.28402E+14	-5.829894	123.078125
1.28227E+14	-5.747291	123.224978
1.28052E+14	-5.664586	123.371886
1.27879E+14	-5.581780	123.518850
1.27705E+14	-5.498874	123.665868
1.27532E+14	-5.417048	123.807773
1.27360E+14	-5.336580	123.943387
1.27188E+14	-5.256021	124.079045
1.27016E+14	-5.175373	124.214746
1.26845E+14	-5.094634	124.350493
1.26675E+14	-5.013806	124.486283
1.26504E+14	-4.932887	124.622117
1.26335E+14	-4.851879	124.757996
1.26166E+14	-4.770780	124.893919
1.25997E+14	-4.689592	125.029886
1.25828E+14	-4.608313	125.165897
1.25661E+14	-4.526945	125.301952
1.25493E+14	-4.445486	125.438052
1.25326E+14	-4.363938	125.574196
1.25160E+14	-4.290759	125.706984
1.24993E+14	-4.222918	125.837642
1.24828E+14	-4.155004	125.968348
1.24663E+14	-4.087019	126.099101
1.24498E+14	-4.018961	126.229901
1.24333E+14	-3.950832	126.360749
1.24170E+14	-3.882630	126.491643
1.24006E+14	-3.814356	126.622585
1.23843E+14	-3.746011	126.753573
1.23680E+14	-3.677593	126.884609
1.23518E+14	-3.609103	127.015692
1.23356E+14	-3.540541	127.146822
1.23195E+14	-3.471907	127.278000
1.23034E+14	-3.403200	127.409224
1.22874E+14	-3.336282	127.530445
1.22713E+14	-3.269854	127.648711
1.22554E+14	-3.203364	127.767012
1.22395E+14	-3.136811	127.885349
1.22236E+14	-3.070195	128.003722
1.22077E+14	-3.003517	128.122131
1.21919E+14	-2.936777	128.240576
1.21762E+14	-2.869974	128.359057
1.21604E+14	-2.803108	128.477573
1.21448E+14	-2.736180	128.596126
1.21291E+14	-2.669190	128.714714
1.21135E+14	-2.602137	128.833339
1.20980E+14	-2.535021	128.951999
1.20824E+14	-2.467843	129.070695
1.20670E+14	-2.411838	129.190310
1.20515E+14	-2.356611	129.310032
1.20361E+14	-2.301332	129.429797
1.20208E+14	-2.246000	129.549605
1.20054E+14	-2.190617	129.669456
1.19901E+14	-2.135182	129.789349
1.19749E+14	-2.079695	129.909284
1.19597E+14	-2.024156	130.029263
1.19445E+14	-1.968565	130.149284
1.19294E+14	-1.912922	130.269348
1.19143E+14	-1.857227	130.389455
1.18993E+14	-1.801480	130.509604
1.18842E+14	-1.745681	130.629796
1.18693E+14	-1.691033	130.748812
1.18543E+14	-1.648224	130.855831
1.18394E+14	-1.605380	130.962886
1.18246E+14	-1.562500	131.069977
1.18097E+14	-1.519585	131.177105
1.17949E+14	-1.476634	131.284269
1.17802E+14	-1.433648	131.391469
1.17655E+14	-1.390626	131.498706
1.17508E+14	-1.347569	131.605979
1.17361E+14	-1.304477	131.713288
1.17215E+14	-1.261348	131.820634
1.17070E+14	-1.218185	131.928016
1.16924E+14	-1.174986	132.035434
1.16779E+14	-1.131751	132.142889
1.16635E+14	-1.090628	132.250234
1.16491E+14	-1.055827	132.357187
1.16347E+14	-1.020997	132.464179
1.16203E+14	-0.986139	132.571209
1.16060E+14	-0.951252	132.678277
1.15917E+14	-0.916337	132.785384
1.15775E+14	-0.881394	132.892529
1.15632E+14	-0.846422	132.999713
1.15491E+14	-0.811421	133.106935
1.15349E+14	-0.776392	133.214196
1.15208E+14	-0.741335	133.321494
1.15067E+14	-0.706249	133.428832
1.14927E+14	-0.671135	133.536208
1.14787E+14	-0.635992	133.643622
1.14647E+14	-0.603721	133.750742
1.14508E+14	-0.575540	133.857429
1.14369E+14	-0.547337	133.964155
1.14230E+14	-0.519111	134.070920
1.14092E+14	-0.490863	134.177726
1.13954E+14	-0.462592	134.284570
1.13816E+14	-0.434298	134.391454
1.13678E+14	-0.405982	134.498378
1.13541E+14	-0.377643	134.605341
1.13405E+14	-0.349281	134.712343
1.13268E+14	-0.320897	134.819385
1.13132E+14	-0.292490	134.926467
1.12996E+14	-0.264060	135.033588
1.12861E+14	-0.235608	135.140748
1.12726E+14	-0.213446	135.248820
1.12591E+14	-0.195953	135.357581
1.12457E+14	-0.178446	135.466384
1.12323E+14	-0.160925	135.575230
1.12189E+14	-0.143390	135.684119
1.12055E+14	-0.125840	135.793050
1.11922E+14	-0.108277	135.902024
1.11789E+14	-0.090699	136.011040
1.11657E+14	-0.073107	136.120099
1.11525E+14	-0.055502	136.229201
1.11393E+14	-0.037882	136.338345
1.11261E+14	-0.020247	136.447531
1.11130E+14	-0.002599	136.556760
1.10999E+14	0.015063	136.666032
1.10868E+14	0.026116	136.776654
1.10738E+14	0.034784	136.887793
1.10608E+14	0.043459	136.998977
1.10478E+14	0.052142	137.110206
1.10349E+14	0.060831	137.221480
1.10220E+14	0.069528	137.332798
1.10091E+14	0.078231	137.444162
1.09962E+14	0.086942	137.555570
1.09834E+14	0.095659	137.667023
1.09706E+14	0.104384	137.778521
1.09578E+14	0.113115	137.890064
1.09451E+14	0.121854	138.001652
1.09324E+14	0.130600	138.113284
1.09197E+14	0.139352	138.224962
1.09071E+14	0.141618	138.337484
1.08945E+14	0.143126	138.450145
1.08819E+14	0.144635	138.562852
1.08693E+14	0.146146	138.675605
1.08568E+14	0.147657	138.788404
1.08443E+14	0.149170	138.901248
1.08318E+14	0.150684	139.014139
1.08194E+14	0.152199	139.127075
1.08070E+14	0.153716	139.240057
1.07946E+14	0.155234	139.353085
1.07822E+14	0.156752	139.466159
1.07699E+14	0.158272	139.579279
1.07576E+14	0.159793	139.692445
1.07453E+14	0.161066	139.805662
1.07331E+14	0.158140	139.919022
1.07208E+14	0.155212	140.032428
1.07087E+14	0.152281	140.145879
1.06965E+14	0.149347	140.259377
1.06844E+14	0.146412	140.372920
1.06722E+14	0.143473	140.486510
1.06602E+14	0.140533	140.600145
1.06481E+14	0.137590	140.713826
1.06361E+14	0.134644	140.827554
1.06241E+14	0.131696	140.941327
1.06121E+14	0.128746	141.055146
1.06002E+14	0.125793	141.169011
1.05883E+14	0.122838	141.282921
1.05764E+14	0.118493	141.398267
1.05645E+14	0.109129	141.518678
1.05527E+14	0.099757	141.639141
1.05409E+14	0.090378	141.759654
1.05291E+14	0.080990	141.880218
1.05173E+14	0.071594	142.000833
1.05056E+14	0.062190	142.121499
1.04939E+14	0.052779	142.242216
1.04822E+14	0.043359	142.362984
1.04705E+14	0.033931	142.483803
1.04589E+14	0.024495	142.604672
1.04473E+14	0.015051	142.725593
1.04357E+14	0.005599	142.846565
1.04242E+14	-0.003860	142.967587
1.04127E+14	-0.014739	143.090377
1.04012E+14	-0.027953	143.216050
1.03897E+14	-0.041178	143.341777
1.03782E+14	-0.054416	143.467559
1.03668E+14	-0.067664	143.593395
1.03554E+14	-0.080925	143.719286
1.03441E+14	-0.094197	143.845232
1.03327E+14	-0.107481	143.971232
1.03214E+14	-0.120776	144.097286
1.03101E+14	-0.134083	144.223396
1.02988E+14	-0.147401	144.349559
1.02876E+14	-0.160731	144.475778
1.02763E+14	-0.174073	144.602051
1.02651E+14	-0.187426	144.728378
1.02540E+14	-0.202553	144.855489
1.02428E+14	-0.219205	144.983280
1.02317E+14	-0.235872	145.111127
1.02206E+14	-0.252553	145.239030
1.02095E+14	-0.269249	145.366987
1.01984E+14	-0.285959	145.495001
1.01874E+14	-0.302685	145.623069
1.01764E+14	-0.319424	145.751193
1.01654E+14	-0.336179	145.879373
1.01545E+14	-0.352948	146.007607
1.01435E+14	-0.369731	146.135898
1.01326E+14	-0.386530	146.264243
1.01217E+14	-0.403342	146.392644
1.01109E+14	-0.420170	146.521101
1.01000E+14	-0.441764	146.653323
1.00892E+14	-0.465426	146.787202
1.00784E+14	-0.489109	146.921140
1.00676E+14	-0.512814	147.055138
1.00569E+14	-0.536540	147.189195
1.00461E+14	-0.560287	147.323311
1.00354E+14	-0.584056	147.457486
1.00248E+14	-0.607846	147.591721
1.00141E+14	-0.631658	147.726014
1.00035E+14	-0.655491	147.860367
9.99285E+13	-0.679346	147.994780
9.98226E+13	-0.703222	148.129251
9.97169E+13	-0.727119	148.263782
9.96114E+13	-0.751038	148.398372
9.95062E+13	-0.776683	148.535347
9.94011E+13	-0.802630	148.672763
9.92963E+13	-0.828602	148.810241
9.91918E+13	-0.854596	148.947780
9.90874E+13	-0.880615	149.085380
9.89833E+13	-0.906657	149.223042
9.88793E+13	-0.932723	149.360765
9.87756E+13	-0.958812	149.498550
9.86722E+13	-0.984925	149.636396
9.85689E+13	-1.011062	149.774303
9.84658E+13	-1.037222	149.912272
9.83630E+13	-1.063406	150.050302
9.82604E+13	-1.089614	150.188393
9.81580E+13	-1.115859	150.326609
9.80558E+13	-1.142785	150.467937
9.79538E+13	-1.169736	150.609328
9.78520E+13	-1.196711	150.750784
9.77505E+13	-1.223712	150.892304
9.76491E+13	-1.250737	151.033888
9.75480E+13	-1.277787	151.175536
9.74471E+13	-1.304862	151.317248
9.73463E+13	-1.331961	151.459025
9.72458E+13	-1.359086	151.600866
9.71455E+13	-1.386235	151.742771
9.70454E+13	-1.413409	151.884740
9.69455E+13	-1.440608	152.026773
9.68458E+13	-1.467832	152.168871
9.67464E+13	-1.495183	152.312655
9.66471E+13	-1.523028	152.463851
9.65480E+13	-1.550899	152.615120
9.64491E+13	-1.578798	152.766461
9.63505E+13	-1.606723	152.917875
9.62520E+13	-1.634675	153.069362
9.61537E+13	-1.662655	153.220922
9.60557E+13	-1.690661	153.372554
9.59578E+13	-1.718694	153.524260
9.58601E+13	-1.746753	153.676037
9.57627E+13	-1.774840	153.827888
9.56654E+13	-1.802954	153.979811
9.55683E+13	-1.831094	154.131807
9.54714E+13	-1.859262	154.283876
9.53748E+13	-1.886355	154.437132
9.52783E+13	-1.911353	154.592610
9.51820E+13	-1.936375	154.748165
9.50859E+13	-1.961422	154.903796
9.49900E+13	-1.986492	155.059503
9.48943E+13	-2.011587	155.215287
9.47988E+13	-2.036706	155.371148
9.47034E+13	-2.061849	155.527085
9.46083E+13	-2.087016	155.683098
9.45134E+13	-2.112208	155.839188
9.44186E+13	-2.137423	155.995355
9.43241E+13	-2.162663	156.151598
9.42297E+13	-2.187928	156.307917
9.41355E+13	-2.213216	156.464313
9.40415E+13	-2.240320	156.621405
9.39477E+13	-2.269225	156.779186
9.38541E+13	-2.298158	156.937044
9.37607E+13	-2.327120	157.094979
9.36674E+13	-2.356109	157.252992
9.35743E+13	-2.385126	157.411082
9.34815E+13	-2.414171	157.569249
9.33888E+13	-2.443244	157.727493
9.32963E+13	-2.472346	157.885814
9.32039E+13	-2.501475	158.044213
9.31118E+13	-2.530632	158.202689
9.30198E+13	-2.559817	158.361242
9.29280E+13	-2.589030	158.519872
9.28364E+13	-2.618271	158.678579
9.27450E+13	-2.644727	158.835685
9.26538E+13	-2.669778	158.992015
9.25627E+13	-2.694852	159.148420
9.24718E+13	-2.719950	159.304901
9.23811E+13	-2.745071	159.461456
9.22906E+13	-2.770215	159.618087
9.22003E+13	-2.795383	159.774793
9.21101E+13	-2.820574	159.931575
9.20201E+13	-2.845788	160.088432
9.19303E+13	-2.871026	160.245364
9.18406E+13	-2.896287	160.402372
9.17512E+13	-2.921572	160.559455
9.16619E+13	-2.946880	160.716613
9.15728E+13	-2.972211	160.873846
9.14838E+13	-2.999014	161.040232
9.13950E+13	-3.026155	161.208646
9.13064E+13	-3.053321	161.377145
9.12180E+13	-3.080515	161.545731
9.11297E+13	-3.107735	161.714403
9.10416E+13	-3.134982	161.883161
9.09537E+13	-3.162256	162.052006
9.08660E+13	-3.189557	162.220936
9.07784E+13	-3.216884	162.389953
9.06910E+13	-3.244238	162.559056
9.06037E+13	-3.271619	162.728246
9.05167E+13	-3.299026	162.897521
9.04297E+13	-3.326461	163.066883
9.03430E+13	-3.353922	163.236331
9.02564E+13	-3.377371	163.410966
9.01700E+13	-3.400781	163.585774
9.00838E+13	-3.424213	163.760674
8.99977E+13	-3.447668	163.935667
8.99118E+13	-3.471147	164.110751
8.98260E+13	-3.494648	164.285928
8.97404E+13	-3.518173	164.461197
8.96550E+13	-3.541721	164.636559
8.95697E+13	-3.565292	164.812012
8.94846E+13	-3.588886	164.987558
8.93997E+13	-3.612503	165.163196
8.93149E+13	-3.636143	165.338927
8.92303E+13	-3.659807	165.514749
8.91458E+13	-3.683205	165.690958
8.90615E+13	-3.704931	165.868994
8.89774E+13	-3.726678	166.047124
8.88934E+13	-3.748447	166.225349
8.88096E+13	-3.770236	166.403669
8.87259E+13	-3.792047	166.582083
8.86424E+13	-3.813879	166.760592
8.85591E+13	-3.835733	166.939195
8.84759E+13	-3.857607	167.117894
8.83928E+13	-3.879503	167.296686
8.83100E+13	-3.901420	167.475574
8.82272E+13	-3.923358	167.654556
8.81447E+13	-3.945318	167.833633
8.80623E+13	-3.967298	168.012804
8.79800E+13	-3.988766	168.192308
8.78979E+13	-4.009043	168.372447
8.78159E+13	-4.029338	168.552682
8.77341E+13	-4.049653	168.733012
8.76525E+13	-4.069988	168.913438
8.75710E+13	-4.090342	169.093960
8.74896E+13	-4.110715	169.274578
8.74084E+13	-4.131108	169.455291
8.73274E+13	-4.151521	169.636099
8.72465E+13	-4.171952	169.817004
8.71657E+13	-4.192403	169.998004
8.70851E+13	-4.212874	170.179099
8.70047E+13	-4.233364	170.360291
8.69244E+13	-4.253874	170.541578
8.68442E+13	-4.272185	170.723809
8.67642E+13	-4.287978	170.907107
8.66844E+13	-4.303784	171.090504
8.66047E+13	-4.319606	171.273998
8.65251E+13	-4.335442	171.457591
8.64457E+13	-4.351292	171.641281
8.63664E+13	-4.367157	171.825070
8.62873E+13	-4.383036	172.008956
8.62083E+13	-4.398930	172.192940
8.61295E+13	-4.414838	172.377023
8.60508E+13	-4.430761	172.561203
8.59722E+13	-4.446698	172.745481
8.58938E+13	-4.462650	172.929858
8.58156E+13	-4.478616	173.114332
8.57374E+13	-4.492489	173.300424
8.56595E+13	-4.505120	173.487520
8.55816E+13	-4.517763	173.674716
8.55039E+13	-4.530416	173.862013
8.54264E+13	-4.543081	174.049411
8.53490E+13	-4.555756	174.236909
8.52717E+13	-4.568443	174.424509
8.51946E+13	-4.581141	174.612209
8.51176E+13	-4.593849	174.800009
8.50407E+13	-4.606569	174.987911
8.49640E+13	-4.619299	175.175913
8.48874E+13	-4.632041	175.364017
8.48110E+13	-4.644794	175.552220
8.47347E+13	-4.657557	175.740525
8.46585E+13	-4.669844	175.927801
8.45825E+13	-4.682011	176.114873
8.45066E+13	-4.694187	176.302044
8.44308E+13	-4.706374	176.489314
8.43552E+13	-4.718571	176.676684
8.42797E+13	-4.730779	176.864153
8.42044E+13	-4.742996	177.051721
8.41291E+13	-4.755224	177.239388
8.40541E+13	-4.767462	177.427154
8.39791E+13	-4.779711	177.615020
8.39043E+13	-4.791970	177.802985
8.38296E+13	-4.804239	177.991050
8.37551E+13	-4.816518	178.179213
8.36807E+13	-4.828808	178.367476
8.36064E+13	-4.839720	178.559243
8.35322E+13	-4.850565	178.751297
8.34582E+13	-4.861419	178.943454
8.33843E+13	-4.872281	179.135714
8.33106E+13	-4.883153	179.328077
8.32369E+13	-4.894034	179.520543
8.31634E+13	-4.904923	179.713113
8.30901E+13	-4.915821	179.905786
8.30168E+13	-4.926728	180.098561
8.29437E+13	-4.937644	180.291440
8.28707E+13	-4.948569	180.484423
8.27979E+13	-4.959503	180.677508
8.27251E+13	-4.970445	180.870696
8.26525E+13	-4.980800	181.063683
8.25801E+13	-4.986297	181.254290
8.25077E+13	-4.991796	181.444997
8.24355E+13	-4.997299	181.635805
8.23634E+13	-5.002805	181.826712
8.22915E+13	-5.008314	182.017720
8.22196E+13	-5.013826	182.208829
8.21479E+13	-5.019341	182.400037
8.20763E+13	-5.024859	182.591346
8.20049E+13	-5.030380	182.782755
8.19335E+13	-5.035904	182.974265
8.18623E+13	-5.041432	183.165874
8.17912E+13	-5.046962	183.357584
8.17202E+13	-5.052495	183.549394
8.16494E+13	-5.057753	183.741876
8.15787E+13	-5.062261	183.936005
8.15081E+13	-5.066771	184.130236
8.14376E+13	-5.071284	184.324570
8.13672E+13	-5.075798	184.519006
8.12970E+13	-5.080314	184.713545
8.12269E+13	-5.084832	184.908186
8.11569E+13	-5.089352	185.102930
8.10870E+13	-5.093874	185.297776
8.10173E+13	-5.098397	185.492725
8.09476E+13	-5.102923	185.687776
8.08781E+13	-5.107451	185.882929
8.08087E+13	-5.111980	186.078186
8.07395E+13	-5.116512	186.273544
8.06703E+13	-5.118025	186.469816
8.06013E+13	-5.115542	186.667262
8.05323E+13	-5.113053	186.864813
8.04635E+13	-5.110559	187.062468
8.03949E+13	-5.108060	187.260228
8.03263E+13	-5.105555	187.458092
8.02578E+13	-5.103044	187.656060
8.01895E+13	-5.100528	187.854132
8.01213E+13	-5.098007	188.052309
8.00532E+13	-5.095480	188.250590
7.99852E+13	-5.092947	188.448975
7.99173E+13	-5.090409	188.647465
7.98496E+13	-5.087866	188.846059
7.97819E+13	-5.085317	189.044757
7.97144E+13	-5.081630	189.243455
7.96470E+13	-5.077152	189.442183
7.95797E+13	-5.072668	189.641016
7.95125E+13	-5.068175	189.839953
7.94454E+13	-5.063676	190.038994
7.93785E+13	-5.059169	190.238139
7.93116E+13	-5.054654	190.437388
7.92449E+13	-5.050132	190.636741
7.91783E+13	-5.045602	190.836198
7.91118E+13	-5.041065	191.035759
7.90454E+13	-5.036520	191.235424
7.89791E+13	-5.031968	191.435193
7.89129E+13	-5.027409	191.635066
7.88469E+13	-5.022842	191.835043
7.87809E+13	-5.017122	192.034674
7.87151E+13	-5.011017	192.234260
7.86493E+13	-5.004903	192.433949
7.85837E+13	-4.998780	192.633742
7.85182E+13	-4.992648	192.833638
7.84528E+13	-4.986506	193.033637
7.83875E+13	-4.980356	193.233739
7.83223E+13	-4.974196	193.433945
7.82572E+13	-4.968028	193.634254
7.81923E+13	-4.961851	193.834667
7.81274E+13	-4.955664	194.035183
7.80626E+13	-4.949468	194.235802
7.79980E+13	-4.943264	194.436525
7.79335E+13	-4.937050	194.637350
7.78690E+13	-4.928430	194.837759
7.78047E+13	-4.919570	195.038221
7.77405E+13	-4.910698	195.238786
7.76764E+13	-4.901814	195.439453
7.76123E+13	-4.892919	195.640222
7.75484E+13	-4.884012	195.841094
7.74846E+13	-4.875093	196.042069
7.74209E+13	-4.866163	196.243146
7.73574E+13	-4.857220	196.444326
7.72939E+13	-4.848266	196.645608
7.72305E+13	-4.839301	196.846993
7.71672E+13	-4.830324	197.048481
7.71040E+13	-4.821335	197.250071
7.70410E+13	-4.811756	197.451873
7.69780E+13	-4.794888	197.655147
7.69151E+13	-4.778000	197.858524
7.68524E+13	-4.761091	198.062005
7.67897E+13	-4.744163	198.265589
7.67272E+13	-4.727215	198.469277
7.66647E+13	-4.710247	198.673068
7.66023E+13	-4.693260	198.876962
7.65401E+13	-4.676252	199.080960
7.64779E+13	-4.659224	199.285061
7.64159E+13	-4.642177	199.489265
7.63539E+13	-4.625110	199.693573
7.62921E+13	-4.608023	199.897985
7.62303E+13	-4.590916	200.102499
7.61687E+13	-4.573602	200.306535
7.61071E+13	-4.555654	200.508769
7.60457E+13	-4.537686	200.711104
7.59843E+13	-4.519698	200.913540
7.59231E+13	-4.501689	201.116076
7.58619E+13	-4.483660	201.318713
7.58009E+13	-4.465611	201.521451
7.57399E+13	-4.447541	201.724290
7.56791E+13	-4.429451	201.927230
7.56183E+13	-4.411340	202.130270
7.55576E+13	-4.393209	202.333411
7.54971E+13	-4.375058	202.536653
7.54366E+13	-4.356886	202.739995
7.53762E+13	-4.338694	202.943439
7.53159E+13	-4.320543	203.146482
7.52558E+13	-4.302467	203.348857
7.51957E+13	-4.284371	203.551332
7.51357E+13	-4.266255	203.753907
7.50758E+13	-4.248118	203.956581
7.50160E+13	-4.229962	204.159354
7.49563E+13	-4.211785	204.362227
7.48967E+13	-4.193589	204.565199
7.48372E+13	-4.175372	204.768272
7.47778E+13	-4.157135	204.971443
7.47184E+13	-4.138878	205.174714
7.46592E+13	-4.120601	205.378085
7.46001E+13	-4.102304	205.581555
7.45410E+13	-4.083987	205.785125
7.44821E+13	-4.063719	205.987045
7.44232E+13	-4.041884	206.187664
7.43645E+13	-4.020027	206.388378
7.43058E+13	-3.998146	206.589189
7.42472E+13	-3.976242	206.790096
7.41887E+13	-3.954315	206.991099
7.41303E+13	-3.932365	207.192197
7.40720E+13	-3.910391	207.393392
7.40138E+13	-3.888395	207.594683
7.39557E+13	-3.866375	207.796070
7.38977E+13	-3.844332	207.997553
7.38397E+13	-3.822266	208.199132
7.37819E+13	-3.800177	208.400807
7.37241E+13	-3.778065	208.602578
7.36665E+13	-3.750939	208.807116
7.36089E+13	-3.721807	209.012810
7.35514E+13	-3.692644	209.218602
7.34940E+13	-3.663451	209.424493
7.34367E+13	-3.634228	209.630483
7.33795E+13	-3.604974	209.836571
7.33224E+13	-3.575690	210.042758
7.32653E+13	-3.546375	210.249044
7.32084E+13	-3.517030	210.455428
7.31515E+13	-3.487654	210.661912
7.30947E+13	-3.458248	210.868493
7.30381E+13	-3.428812	211.075174
7.29815E+13	-3.399345	211.281953
7.29250E+13	-3.369847	211.488831
7.28685E+13	-3.338718	211.693477
7.28122E+13	-3.307332	211.897892
7.27560E+13	-3.275914	212.102403
7.26998E+13	-3.244465	212.307009
7.26437E+13	-3.212983	212.511712
7.25877E+13	-3.181470	212.716510
7.25318E+13	-3.149925	212.921404
7.24760E+13	-3.118349	213.126394
7.24203E+13	-3.086740	213.331480
7.23646E+13	-3.055100	213.536662
7.23091E+13	-3.023428	213.741939
7.22536E+13	-2.991724	213.947312
7.21982E+13	-2.959988	214.152781
7.21429E+13	-2.928146	214.358208
7.20877E+13	-2.894368	214.560202
7.20326E+13	-2.860557	214.762288
7.19775E+13	-2.826713	214.964466
7.19225E+13	-2.792835	215.166735
7.18677E+13	-2.758925	215.369097
7.18129E+13	-2.724981	215.571551
7.17582E+13	-2.691005	215.774097
7.17035E+13	-2.656995	215.976735
7.16490E+13	-2.622952	216.179465
7.15945E+13	-2.588877	216.382287
7.15401E+13	-2.554768	216.585201
7.14858E+13	-2.520626	216.788207
7.14316E+13	-2.486451	216.991305
7.13775E+13	-2.452101	217.193960
7.13234E+13	-2.417142	217.394546
7.12695E+13	-2.382150	217.595221
7.12156E+13	-2.347125	217.795985
7.11618E+13	-2.312067	217.996839
7.11080E+13	-2.276975	218.197782
7.10544E+13	-2.241850	218.398815
7.10008E+13	-2.206692	218.599936
7.09473E+13	-2.171501	218.801148
7.08939E+13	-2.136276	219.002448
7.08406E+13	-2.101018	219.203838
7.07874E+13	-2.065727	219.405318
7.07342E+13	-2.030402	219.606887
7.06811E+13	-1.995044	219.808545
7.06281E+13	-1.959217	220.009498
7.05752E+13	-1.922578	220.209120
7.05223E+13	-1.885905	220.408829
7.04696E+13	-1.849198	220.608626
7.04169E+13	-1.812457	220.808510
7.03643E+13	-1.775682	221.008480
7.03117E+13	-1.738873	221.208538
7.02593E+13	-1.702030	221.408684
7.02069E+13	-1.665153	221.608916
7.01546E+13	-1.628242	221.809235
7.01024E+13	-1.591297	222.009642
7.00503E+13	-1.554318	222.210136
6.99982E+13	-1.517305	222.410717
6.99462E+13	-1.480258	222.611385
6.98943E+13	-1.441229	222.811107
6.98425E+13	-1.400365	223.009959
6.97907E+13	-1.359464	223.208896
6.97390E+13	-1.318526	223.407917
6.96874E+13	-1.277550	223.607023
6.96359E+13	-1.236538	223.806214
6.95845E+13	-1.195489	224.005489
6.95331E+13	-1.154403	224.204850
6.94818E+13	-1.113280	224.404295
6.94306E+13	-1.072120	224.603824
6.93794E+13	-1.030923	224.803439
6.93284E+13	-0.989689	225.003138
6.92774E+13	-0.948417	225.202922
6.92264E+13	-0.907109	225.402790
6.91756E+13	-0.863509	225.601856
6.91248E+13	-0.818811	225.800589
6.90741E+13	-0.774073	225.999404
6.90235E+13	-0.729296	226.198302
6.89730E+13	-0.684478	226.397284
6.89225E+13	-0.639621	226.596348
6.88721E+13	-0.594725	226.795495
6.88218E+13	-0.549789	226.994725
6.87715E+13	-0.504813	227.194038
6.87213E+13	-0.459797	227.393434
6.86712E+13	-0.414742	227.592912
6.86212E+13	-0.369647	227.792474
6.85712E+13	-0.324513	227.992119
6.85213E+13	-0.279339	228.191846
6.84715E+13	-0.230563	228.389352
6.84218E+13	-0.181072	228.586502
6.83721E+13	-0.131538	228.783732
6.83225E+13	-0.081962	228.981042
6.82730E+13	-0.032342	229.178431
6.82235E+13	0.017320	229.375901
6.81741E+13	0.067024	229.573449
6.81248E+13	0.116772	229.771078
6.80756E+13	0.166562	229.968786
6.80264E+13	0.216395	230.166573
6.79773E+13	0.266271	230.364441
6.79283E+13	0.316190	230.562388
6.78793E+13	0.366151	230.760414
6.78304E+13	0.416148	230.958518
6.77816E+13	0.462375	231.155229
6.77329E+13	0.508642	231.352018
6.76842E+13	0.554947	231.548887
6.76356E+13	0.601292	231.745836
6.75871E+13	0.647676	231.942863
6.75386E+13	0.694099	232.139970
6.74902E+13	0.740562	232.337155
6.74419E+13	0.787064	232.534420
6.73936E+13	0.833604	232.731764
6.73454E+13	0.880184	232.929188
6.72973E+13	0.926804	233.126690
6.72493E+13	0.973462	233.324272
6.72013E+13	1.020160	233.521933
6.71534E+13	1.067420	233.719431
6.71055E+13	1.117417	233.915761
6.70577E+13	1.167456	234.112168
6.70100E+13	1.217537	234.308652
6.69624E+13	1.267659	234.505214
6.69148E+13	1.317822	234.701852
6.68673E+13	1.368028	234.898569
6.68198E+13	1.418274	235.095362
6.67725E+13	1.468563	235.292233
6.67252E+13	1.518893	235.489181
6.66779E+13	1.569265	235.686206
6.66308E+13	1.619678	235.883308
6.65837E+13	1.670133	236.080488
6.65366E+13	1.720630	236.277745
6.64896E+13	1.771335	236.474483
6.64427E+13	1.822430	236.670048
6.63959E+13	1.873567	236.865688
6.63491E+13	1.924745	237.061404
6.63024E+13	1.975965	237.257196
6.62558E+13	2.027227	237.453063
6.62092E+13	2.078530	237.649006
6.61627E+13	2.129875	237.845025
6.61162E+13	2.181262	238.041119
6.60699E+13	2.232690	238.237289
6.60235E+13	2.284161	238.433535
6.59773E+13	2.335672	238.629856
6.59311E+13	2.387226	238.826253
6.58850E+13	2.438821	239.022725
6.58389E+13	2.493235	239.215147
6.57929E+13	2.550655	239.403241
6.57470E+13	2.608119	239.591402
6.57011E+13	2.665628	239.779631
6.56553E+13	2.723180	239.967927
6.56096E+13	2.780778	240.156290
6.55639E+13	2.838420	240.344721
6.55183E+13	2.896106	240.533220
6.54728E+13	2.953836	240.721786
6.54273E+13	3.011611	240.910420
6.53819E+13	3.069431	241.099121
6.53365E+13	3.127295	241.287889
6.52912E+13	3.185203	241.476725
6.52460E+13	3.243156	241.665629
6.52008E+13	3.303043	241.853400
6.51557E+13	3.364018	242.040576
6.51107E+13	3.425040	242.227818
6.50657E+13	3.486107	242.415125
6.50208E+13	3.547221	242.602497
6.49759E+13	3.608381	242.789934
6.49311E+13	3.669588	242.977437
6.48864E+13	3.730840	243.165005
6.48417E+13	3.792139	243.352638
6.47971E+13	3.853485	243.540337
6.47525E+13	3.914876	243.728101
6.47081E+13	3.976314	243.915931
6.46636E+13	4.037798	244.103826
6.46193E+13	4.099329	244.291786
6.45750E+13	4.158657	244.478562
6.45307E+13	4.217485	244.665100
6.44865E+13	4.276358	244.851703
6.44424E+13	4.335274	245.038371
6.43983E+13	4.394234	245.225104
6.43543E+13	4.453238	245.411902
6.43104E+13	4.512285	245.598764
6.42665E+13	4.571376	245.785692
6.42227E+13	4.630511	245.972684
6.41789E+13	4.689690	246.159740
6.41352E+13	4.748913	246.346862
6.40916E+13	4.808179	246.534049
6.40480E+13	4.867489	246.721300
6.40045E+13	4.926843	246.908616
6.39610E+13	4.989030	247.092947
6.39176E+13	5.051359	247.277233
6.38742E+13	5.113735	247.461580
6.38310E+13	5.176155	247.645990
6.37877E+13	5.238620	247.830461
6.37446E+13	5.301131	248.014993
6.37014E+13	5.363687	248.199588
6.36584E+13	5.426288	248.384244
6.36154E+13	5.488935	248.568962
6.35724E+13	5.551626	248.753742
6.35296E+13	5.614363	248.938583
6.34867E+13	5.677145	249.123487
6.34440E+13	5.739972	249.308452
6.34013E+13	5.802887	249.493367
6.33586E+13	5.866135	249.677577
6.33160E+13	5.929428	249.861847
6.32735E+13	5.992767	250.046179
6.32310E+13	6.056151	250.230572
6.31886E+13	6.119580	250.415026
6.31462E+13	6.183055	250.599541
6.31039E+13	6.246574	250.784116
6.30617E+13	6.310139	250.968753
6.30195E+13	6.373750	251.153451
6.29773E+13	6.437405	251.338210
6.29352E+13	6.501106	251.523030
6.28932E+13	6.564852	251.707911
6.28512E+13	6.628643	251.892853