8.052202E+15	8.81787E-01	7.79298E+00
8.040516E+15	8.77062E-01	7.86481E+00
8.028863E+15	8.74275E-01	7.93724E+00
8.017244E+15	8.73539E-01	8.01190E+00
8.006000E+15	8.74795E-01	8.08719E+00
7.994108E+15	8.78112E-01	8.16394E+00
7.982589E+15	8.83520E-01	8.24216E+00
7.971104E+15	8.91434E-01	8.32144E+00
7.959652E+15	9.01890E-01	8.40179E+00
7.947897E+15	9.14490E-01	8.48282E+00
7.936511E+15	9.29701E-01	8.56494E+00
7.924825E+15	9.47560E-01	8.64815E+00
7.913172E+15	9.68060E-01	8.73162E+00
7.901554E+15	9.91283E-01	8.81618E+00
7.890301E+15	1.01722E+00	8.90099E+00
7.878421E+15	1.04591E+00	8.98605E+00
7.866904E+15	1.07784E+00	9.07174E+00
7.855422E+15	1.11215E+00	9.15726E+00
7.843973E+15	1.14978E+00	9.24338E+00
7.832231E+15	1.18985E+00	9.32931E+00
7.820849E+15	1.23326E+00	9.41495E+00
7.809177E+15	1.27959E+00	9.49987E+00
7.797539E+15	1.32846E+00	9.58453E+00
7.785936E+15	1.38077E+00	9.66883E+00
7.774368E+15	1.43521E+00	9.75240E+00
7.762834E+15	1.49316E+00	9.83556E+00
7.751334E+15	1.55369E+00	9.91746E+00
7.739868E+15	1.61731E+00	9.99846E+00
7.728118E+15	1.68314E+00	1.00786E+01
7.716721E+15	1.75203E+00	1.01569E+01
7.705042E+15	1.82316E+00	1.02343E+01
7.693398E+15	1.89746E+00	1.03107E+01
7.681789E+15	1.97353E+00	1.03857E+01
7.670216E+15	2.05272E+00	1.04586E+01
7.658677E+15	2.13328E+00	1.05306E+01
7.647173E+15	2.21748E+00	1.06010E+01
7.635703E+15	2.30297E+00	1.06693E+01
7.623959E+15	2.39078E+00	1.07366E+01
7.612559E+15	2.48132E+00	1.08021E+01
7.600886E+15	2.57314E+00	1.08656E+01
7.589249E+15	2.66823E+00	1.09278E+01
7.577647E+15	2.76460E+00	1.09878E+01
7.566081E+15	2.86277E+00	1.10461E+01
7.554550E+15	2.96368E+00	1.11026E+01
7.543054E+15	3.06639E+00	1.11572E+01
7.531594E+15	3.17144E+00	1.12104E+01
7.519867E+15	3.27773E+00	1.12614E+01
7.508477E+15	3.38676E+00	1.13103E+01
7.496822E+15	3.49797E+00	1.13568E+01
7.485204E+15	3.61055E+00	1.14019E+01
7.473622E+15	3.72570E+00	1.14438E+01
7.462075E+15	3.84317E+00	1.14842E+01
7.450564E+15	3.96182E+00	1.15220E+01
7.438795E+15	4.08358E+00	1.15571E+01
7.427355E+15	4.20707E+00	1.15900E+01
7.415659E+15	4.33208E+00	1.16198E+01
7.404291E+15	4.45959E+00	1.16461E+01
7.392667E+15	4.58916E+00	1.16697E+01
7.381080E+15	4.72079E+00	1.16904E+01
7.369529E+15	4.85386E+00	1.17078E+01
7.358014E+15	4.98912E+00	1.17206E+01
7.346248E+15	5.12536E+00	1.17307E+01
7.334806E+15	5.26373E+00	1.17361E+01
7.323115E+15	5.40279E+00	1.17377E+01
7.311744E+15	5.54350E+00	1.17352E+01
7.300126E+15	5.68519E+00	1.17281E+01
7.288545E+15	5.82745E+00	1.17171E+01
7.277000E+15	5.97035E+00	1.17005E+01
7.265492E+15	6.11370E+00	1.16799E+01
7.253741E+15	6.25682E+00	1.16549E+01
7.242307E+15	6.40040E+00	1.16243E+01
7.230631E+15	6.54299E+00	1.15888E+01
7.218992E+15	6.68453E+00	1.15485E+01
7.207667E+15	6.82558E+00	1.15038E+01
7.196102E+15	6.96516E+00	1.14533E+01
7.184300E+15	7.10312E+00	1.13986E+01
7.172810E+15	7.23911E+00	1.13388E+01
7.161356E+15	7.37335E+00	1.12749E+01
7.149668E+15	7.50449E+00	1.12061E+01
7.138018E+15	7.63309E+00	1.11330E+01
7.126675E+15	7.75911E+00	1.10554E+01
7.115100E+15	7.88215E+00	1.09742E+01
7.103294E+15	8.00149E+00	1.08889E+01
7.091795E+15	8.11741E+00	1.08007E+01
7.080332E+15	8.22955E+00	1.07087E+01
7.068641E+15	8.33752E+00	1.06134E+01
7.057254E+15	8.44196E+00	1.05154E+01
7.045639E+15	8.54216E+00	1.04143E+01
7.034062E+15	8.63815E+00	1.03118E+01
7.022524E+15	8.72985E+00	1.02065E+01
7.010762E+15	8.81760E+00	1.00992E+01
6.999300E+15	8.90013E+00	9.99107E+00
6.987616E+15	8.97899E+00	9.88052E+00
6.976229E+15	9.05329E+00	9.76958E+00
6.964622E+15	9.12399E+00	9.65792E+00
6.953053E+15	9.18948E+00	9.54569E+00
6.941523E+15	9.25139E+00	9.43285E+00
6.929775E+15	9.30905E+00	9.31916E+00
6.918322E+15	9.36260E+00	9.20630E+00
6.906653E+15	9.41166E+00	9.09336E+00
6.895276E+15	9.45760E+00	8.98094E+00
6.883685E+15	9.49976E+00	8.86879E+00
6.872133E+15	9.53790E+00	8.75763E+00
6.860369E+15	9.57299E+00	8.64708E+00
6.848895E+15	9.60437E+00	8.53691E+00
6.837211E+15	9.63290E+00	8.42901E+00
6.825814E+15	9.65778E+00	8.32156E+00
6.814208E+15	9.68037E+00	8.21507E+00
6.802642E+15	9.69887E+00	8.11043E+00
6.791115E+15	9.71581E+00	8.00702E+00
6.779383E+15	9.72962E+00	7.90507E+00
6.767935E+15	9.74102E+00	7.80482E+00
6.756283E+15	9.75002E+00	7.70629E+00
6.744670E+15	9.75666E+00	7.60947E+00
6.733098E+15	9.76119E+00	7.51373E+00
6.721566E+15	9.76407E+00	7.41995E+00
6.710073E+15	9.76466E+00	7.32792E+00
6.698380E+15	9.76366E+00	7.23786E+00
6.686966E+15	9.76130E+00	7.14911E+00
6.675355E+15	9.75673E+00	7.06212E+00
6.663783E+15	9.75129E+00	6.97732E+00
6.652252E+15	9.74390E+00	6.89363E+00
6.640526E+15	9.73568E+00	6.81211E+00
6.629075E+15	9.72599E+00	6.73257E+00
6.617430E+15	9.71506E+00	6.65434E+00
6.605827E+15	9.70356E+00	6.57762E+00
6.594264E+15	9.69069E+00	6.50273E+00
6.582742E+15	9.67722E+00	6.42955E+00
6.571260E+15	9.66317E+00	6.35805E+00
6.559589E+15	9.64789E+00	6.28805E+00
6.548187E+15	9.63209E+00	6.21960E+00
6.536598E+15	9.61511E+00	6.15257E+00
6.524824E+15	9.59828E+00	6.08727E+00
6.513318E+15	9.58097E+00	6.02351E+00
6.501852E+15	9.56258E+00	5.96095E+00
6.490203E+15	9.54438E+00	5.90004E+00
6.478595E+15	9.52512E+00	5.84033E+00
6.467029E+15	9.50610E+00	5.78213E+00
6.455504E+15	9.48669E+00	5.72529E+00
6.444020E+15	9.46691E+00	5.66970E+00
6.432357E+15	9.44679E+00	5.61534E+00
6.420737E+15	9.42696E+00	5.56238E+00
6.409158E+15	9.40616E+00	5.51041E+00
6.397621E+15	9.38569E+00	5.45977E+00
6.386125E+15	9.36555E+00	5.41045E+00
6.374455E+15	9.34450E+00	5.36197E+00
6.363043E+15	9.32380E+00	5.31474E+00
6.351457E+15	9.30347E+00	5.26867E+00
6.339913E+15	9.28226E+00	5.22345E+00
6.328199E+15	9.26207E+00	5.17948E+00
6.316739E+15	9.24101E+00	5.13628E+00
6.305110E+15	9.22036E+00	5.09416E+00
6.293523E+15	9.20013E+00	5.05307E+00
6.281980E+15	9.17969E+00	5.01282E+00
6.270478E+15	9.15906E+00	4.97336E+00
6.258810E+15	9.13886E+00	4.93490E+00
6.247186E+15	9.11849E+00	4.89715E+00
6.235605E+15	9.09855E+00	4.86040E+00
6.224067E+15	9.07846E+00	4.82429E+00
6.212571E+15	9.05882E+00	4.78910E+00
6.200914E+15	9.03903E+00	4.75455E+00
6.189503E+15	9.01973E+00	4.72078E+00
6.177932E+15	9.00027E+00	4.68771E+00
6.166203E+15	8.98129E+00	4.65542E+00
6.154718E+15	8.96219E+00	4.62369E+00
6.143077E+15	8.94356E+00	4.59273E+00
6.131479E+15	8.92546E+00	4.56242E+00
6.119925E+15	8.90721E+00	4.53272E+00
6.108414E+15	8.88887E+00	4.50352E+00
6.096946E+15	8.87103E+00	4.47494E+00
6.085325E+15	8.85370E+00	4.44706E+00
6.073748E+15	8.83627E+00	4.41960E+00
6.062215E+15	8.81874E+00	4.39269E+00
6.050532E+15	8.80174E+00	4.36627E+00
6.039087E+15	8.78525E+00	4.34054E+00
6.027492E+15	8.76868E+00	4.31515E+00
6.015942E+15	8.75203E+00	4.29018E+00
6.004244E+15	8.73651E+00	4.26590E+00
5.992783E+15	8.72032E+00	4.24182E+00
5.981175E+15	8.70466E+00	4.21830E+00
5.969613E+15	8.68953E+00	4.19525E+00
5.958094E+15	8.67433E+00	4.17255E+00
5.946433E+15	8.65968E+00	4.15032E+00
5.934817E+15	8.64497E+00	4.12837E+00
5.923246E+15	8.63079E+00	4.10690E+00
5.911721E+15	8.61656E+00	4.08576E+00
5.900240E+15	8.60288E+00	4.06498E+00
5.888619E+15	8.58914E+00	4.04452E+00
5.877045E+15	8.57594E+00	4.02447E+00
5.865515E+15	8.56271E+00	4.00463E+00
5.853849E+15	8.55002E+00	3.98526E+00
5.842410E+15	8.53729E+00	3.96603E+00
5.830836E+15	8.52512E+00	3.94720E+00
5.819127E+15	8.51289E+00	3.92864E+00
5.807645E+15	8.50123E+00	3.91036E+00
5.796029E+15	8.48952E+00	3.89234E+00
5.784460E+15	8.47777E+00	3.87452E+00
5.772937E+15	8.46660E+00	3.85698E+00
5.761283E+15	8.45598E+00	3.83976E+00
5.749852E+15	8.44533E+00	3.82269E+00
5.738117E+15	8.43465E+00	3.80582E+00
5.726603E+15	8.42453E+00	3.78921E+00
5.715136E+15	8.41497E+00	3.77294E+00
5.703541E+15	8.40479E+00	3.75667E+00
5.691994E+15	8.39578E+00	3.74073E+00
5.680322E+15	8.38613E+00	3.72487E+00
5.668868E+15	8.37707E+00	3.70921E+00
5.657291E+15	8.36857E+00	3.69380E+00
5.645591E+15	8.36005E+00	3.67854E+00
5.634109E+15	8.35151E+00	3.66335E+00
5.622505E+15	8.34353E+00	3.64842E+00
5.610949E+15	8.33554E+00	3.63356E+00
5.599440E+15	8.32812E+00	3.61890E+00
5.587812E+15	8.32069E+00	3.60431E+00
5.576233E+15	8.31323E+00	3.58985E+00
5.564702E+15	8.30636E+00	3.57554E+00
5.553054E+15	8.30005E+00	3.56141E+00
5.541456E+15	8.29315E+00	3.54723E+00
5.529905E+15	8.28682E+00	3.53325E+00
5.518403E+15	8.28107E+00	3.51940E+00
5.506787E+15	8.27530E+00	3.50562E+00
5.495220E+15	8.26953E+00	3.49185E+00
5.483702E+15	8.26374E+00	3.47815E+00
5.472073E+15	8.25854E+00	3.46458E+00
5.460493E+15	8.25392E+00	3.45114E+00
5.448962E+15	8.24870E+00	3.43759E+00
5.437322E+15	8.24407E+00	3.42417E+00
5.425889E+15	8.24001E+00	3.41088E+00
5.414192E+15	8.23595E+00	3.39759E+00
5.402701E+15	8.23189E+00	3.38432E+00
5.391104E+15	8.22782E+00	3.37105E+00
5.379556E+15	8.22434E+00	3.35785E+00
5.367905E+15	8.22086E+00	3.34460E+00
5.356457E+15	8.21796E+00	3.33147E+00
5.344905E+15	8.21506E+00	3.31834E+00
5.333253E+15	8.21217E+00	3.30511E+00
5.321651E+15	8.20927E+00	3.29189E+00
5.310099E+15	8.20696E+00	3.27872E+00
5.298598E+15	8.20466E+00	3.26551E+00
5.286998E+15	8.20236E+00	3.25224E+00
5.275448E+15	8.20065E+00	3.23898E+00
5.263802E+15	8.19894E+00	3.22572E+00
5.252354E+15	8.19724E+00	3.21235E+00
5.240663E+15	8.19555E+00	3.19893E+00
5.229170E+15	8.19445E+00	3.18550E+00
5.217582E+15	8.19336E+00	3.17197E+00
5.206046E+15	8.19228E+00	3.15838E+00
5.194417E+15	8.19179E+00	3.14479E+00
5.182841E+15	8.19130E+00	3.13115E+00
5.171315E+15	8.19084E+00	3.11733E+00
5.159700E+15	8.19038E+00	3.10341E+00
5.148136E+15	8.18994E+00	3.08937E+00
5.136624E+15	8.19009E+00	3.07532E+00
5.125025E+15	8.18967E+00	3.06106E+00
5.113477E+15	8.18985E+00	3.04674E+00
5.101843E+15	8.19005E+00	3.03224E+00
5.090262E+15	8.19026E+00	3.01763E+00
5.078734E+15	8.19106E+00	3.00301E+00
5.067121E+15	8.19131E+00	2.98806E+00
5.055561E+15	8.19157E+00	2.97299E+00
5.044054E+15	8.19242E+00	2.95786E+00
5.032465E+15	8.19272E+00	2.94245E+00
5.020929E+15	8.19303E+00	2.92688E+00
5.009312E+15	8.19394E+00	2.91123E+00
4.997749E+15	8.19428E+00	2.89531E+00
4.986239E+15	8.19465E+00	2.87917E+00
4.974651E+15	8.19502E+00	2.86291E+00
4.962986E+15	8.19541E+00	2.84649E+00
4.951505E+15	8.19523E+00	2.82979E+00
4.939948E+15	8.19506E+00	2.81299E+00
4.928316E+15	8.19490E+00	2.79602E+00
4.916738E+15	8.19357E+00	2.77880E+00
4.905215E+15	8.19283E+00	2.76157E+00
4.893618E+15	8.19091E+00	2.74416E+00
4.882076E+15	8.18897E+00	2.72681E+00
4.870463E+15	8.18583E+00	2.70941E+00
4.858905E+15	8.18205E+00	2.69221E+00
4.847401E+15	8.17704E+00	2.67524E+00
4.835828E+15	8.17134E+00	2.65884E+00
4.824186E+15	8.16373E+00	2.64315E+00
4.812600E+15	8.15473E+00	2.62875E+00
4.801069E+15	8.14425E+00	2.61633E+00
4.789472E+15	8.13099E+00	2.60650E+00
4.777931E+15	8.11590E+00	2.60089E+00
4.766325E+15	8.09928E+00	2.60142E+00
4.754775E+15	8.08189E+00	2.61067E+00
4.743161E+15	8.06669E+00	2.63216E+00
4.731604E+15	8.06020E+00	2.66900E+00
4.720103E+15	8.07414E+00	2.72138E+00
4.708540E+15	8.12130E+00	2.78039E+00
4.696917E+15	8.21104E+00	2.82456E+00
4.685351E+15	8.33350E+00	2.82348E+00
4.673841E+15	8.45268E+00	2.76102E+00
4.662273E+15	8.53128E+00	2.65590E+00
4.650647E+15	8.56320E+00	2.54285E+00
4.639079E+15	8.56174E+00	2.44310E+00
4.627568E+15	8.54283E+00	2.36197E+00
4.616001E+15	8.51731E+00	2.29728E+00
4.604379E+15	8.49003E+00	2.24517E+00
4.592816E+15	8.46394E+00	2.20216E+00
4.581199E+15	8.43940E+00	2.16563E+00
4.569641E+15	8.41723E+00	2.13383E+00
4.558141E+15	8.39761E+00	2.10541E+00
4.546588E+15	8.37948E+00	2.07936E+00
4.534985E+15	8.36292E+00	2.05504E+00
4.523442E+15	8.34796E+00	2.03209E+00
4.511848E+15	8.33408E+00	2.00995E+00
4.500207E+15	8.32188E+00	1.98859E+00
4.488732E+15	8.31079E+00	1.96768E+00
4.477103E+15	8.30025E+00	1.94705E+00
4.465534E+15	8.29027E+00	1.92657E+00
4.454025E+15	8.28143E+00	1.90624E+00
4.442365E+15	8.27260E+00	1.88583E+00
4.430870E+15	8.26492E+00	1.86540E+00
4.419228E+15	8.25725E+00	1.84482E+00
4.407749E+15	8.24959E+00	1.82403E+00
4.396125E+15	8.24252E+00	1.80303E+00
4.384562E+15	8.23546E+00	1.78177E+00
4.372958E+15	8.22841E+00	1.76019E+00
4.361415E+15	8.22139E+00	1.73828E+00
4.349833E+15	8.21379E+00	1.71605E+00
4.338312E+15	8.20679E+00	1.69350E+00
4.326752E+15	8.19866E+00	1.67051E+00
4.315155E+15	8.19054E+00	1.64714E+00
4.303620E+15	8.18185E+00	1.62346E+00
4.292049E+15	8.17258E+00	1.59947E+00
4.280443E+15	8.16217E+00	1.57517E+00
4.268899E+15	8.15061E+00	1.55057E+00
4.257321E+15	8.13789E+00	1.52584E+00
4.245710E+15	8.12342E+00	1.50111E+00
4.234162E+15	8.10720E+00	1.47656E+00
4.222582E+15	8.08920E+00	1.45248E+00
4.211065E+15	8.06767E+00	1.42929E+00
4.199424E+15	8.04372E+00	1.40762E+00
4.187847E+15	8.01559E+00	1.38828E+00
4.176333E+15	7.98376E+00	1.37269E+00
4.164699E+15	7.94695E+00	1.36265E+00
4.153129E+15	7.90497E+00	1.36100E+00
4.141623E+15	7.85918E+00	1.37188E+00
4.130000E+15	7.81132E+00	1.40092E+00
4.118441E+15	7.76908E+00	1.45530E+00
4.106858E+15	7.74505E+00	1.54115E+00
4.095340E+15	7.76265E+00	1.65693E+00
4.083797E+15	7.85024E+00	1.78244E+00
4.072144E+15	8.02170E+00	1.87084E+00
4.060644E+15	8.24889E+00	1.86215E+00
4.049035E+15	8.45476E+00	1.73404E+00
4.037492E+15	8.57440E+00	1.53352E+00
4.025929E+15	8.60267E+00	1.32777E+00
4.014346E+15	8.57031E+00	1.15339E+00
4.002745E+15	8.50837E+00	1.01724E+00
3.991210E+15	8.43529E+00	9.13649E-01
3.979658E+15	8.36082E+00	8.34831E-01
3.968088E+15	8.28847E+00	7.74074E-01
3.956503E+15	8.22089E+00	7.26397E-01
3.944903E+15	8.15710E+00	6.88294E-01
3.933370E+15	8.09836E+00	6.57228E-01
3.921741E+15	8.04357E+00	6.31522E-01
3.910181E+15	7.99276E+00	6.09806E-01
3.898608E+15	7.94480E+00	5.91311E-01
3.887104E+15	7.90026E+00	5.75233E-01
3.875507E+15	7.85802E+00	5.61168E-01
3.863901E+15	7.81751E+00	5.48657E-01
3.852363E+15	7.77985E+00	5.37488E-01
3.840816E+15	7.74391E+00	5.27399E-01
3.829261E+15	7.70914E+00	5.18199E-01
3.817619E+15	7.67608E+00	5.09761E-01
3.806049E+15	7.64474E+00	5.01991E-01
3.794548E+15	7.61454E+00	4.94770E-01
3.782965E+15	7.58494E+00	4.88010E-01
3.771376E+15	7.55703E+00	4.81694E-01
3.759784E+15	7.52971E+00	4.75728E-01
3.748262E+15	7.50298E+00	4.70078E-01
3.736663E+15	7.47739E+00	4.64719E-01
3.725135E+15	7.45292E+00	4.59634E-01
3.713531E+15	7.42849E+00	4.54748E-01
3.701927E+15	7.40517E+00	4.50089E-01
3.690395E+15	7.38244E+00	4.45605E-01
3.678791E+15	7.35973E+00	4.41280E-01
3.667260E+15	7.33814E+00	4.37123E-01
3.655659E+15	7.31711E+00	4.33111E-01
3.644131E+15	7.29612E+00	4.29206E-01
3.632536E+15	7.27569E+00	4.25429E-01
3.620945E+15	7.25636E+00	4.21779E-01
3.609427E+15	7.23652E+00	4.18202E-01
3.597845E+15	7.21778E+00	4.14744E-01
3.586268E+15	7.19906E+00	4.11359E-01
3.574698E+15	7.18090E+00	4.08061E-01
3.563135E+15	7.16276E+00	4.04834E-01
3.551580E+15	7.14517E+00	4.01682E-01
3.539966E+15	7.12760E+00	3.98590E-01
3.528429E+15	7.11059E+00	3.95573E-01
3.516834E+15	7.09413E+00	3.92619E-01
3.505251E+15	7.07769E+00	3.89719E-01
3.493678E+15	7.06126E+00	3.86862E-01
3.482118E+15	7.04539E+00	3.84068E-01
3.470569E+15	7.02953E+00	3.81316E-01
3.458971E+15	7.01421E+00	3.78615E-01
3.447449E+15	6.99892E+00	3.75956E-01
3.435878E+15	6.98416E+00	3.73349E-01
3.424261E+15	6.96943E+00	3.70772E-01
3.412721E+15	6.95470E+00	3.68237E-01
3.401137E+15	6.94052E+00	3.65741E-01
3.389570E+15	6.92635E+00	3.63281E-01
3.378020E+15	6.91219E+00	3.60847E-01
3.366429E+15	6.89858E+00	3.58461E-01
3.354857E+15	6.88497E+00	3.56096E-01
3.343305E+15	6.87138E+00	3.53761E-01
3.331715E+15	6.85833E+00	3.51469E-01
3.320146E+15	6.84529E+00	3.49197E-01
3.308599E+15	6.83225E+00	3.46950E-01
3.297017E+15	6.81923E+00	3.44732E-01
3.285458E+15	6.80675E+00	3.42541E-01
3.273866E+15	6.79427E+00	3.40380E-01
3.262299E+15	6.78181E+00	3.38233E-01
3.250758E+15	6.76988E+00	3.36128E-01
3.239186E+15	6.75795E+00	3.34037E-01
3.227586E+15	6.74604E+00	3.31970E-01
3.216014E+15	6.73414E+00	3.29916E-01
3.204470E+15	6.72225E+00	3.27886E-01
3.192900E+15	6.71088E+00	3.25882E-01
3.181306E+15	6.69953E+00	3.23902E-01
3.169743E+15	6.68818E+00	3.21935E-01
3.158211E+15	6.67736E+00	3.19998E-01
3.146604E+15	6.66603E+00	3.18068E-01
3.135030E+15	6.65523E+00	3.16163E-01
3.123489E+15	6.64443E+00	3.14271E-01
3.111931E+15	6.63365E+00	3.12402E-01
3.100355E+15	6.62287E+00	3.10541E-01
3.088764E+15	6.61261E+00	3.08710E-01
3.077208E+15	6.60236E+00	3.06897E-01
3.065640E+15	6.59212E+00	3.05092E-01
3.054058E+15	6.58189E+00	3.03304E-01
3.042515E+15	6.57166E+00	3.01529E-01
3.030913E+15	6.56145E+00	2.99767E-01
3.019350E+15	6.55175E+00	2.98029E-01
3.007779E+15	6.54206E+00	2.96309E-01
2.996201E+15	6.53237E+00	2.94596E-01
2.984664E+15	6.52269E+00	2.92895E-01
2.973076E+15	6.51302E+00	2.91212E-01
2.961483E+15	6.50336E+00	2.89536E-01
2.949935E+15	6.49421E+00	2.87884E-01
2.938385E+15	6.48507E+00	2.86244E-01
2.926788E+15	6.47594E+00	2.84616E-01
2.915238E+15	6.46681E+00	2.83001E-01
2.903643E+15	6.45768E+00	2.81393E-01
2.892097E+15	6.44857E+00	2.79796E-01
2.880509E+15	6.43946E+00	2.78212E-01
2.868971E+15	6.43086E+00	2.76651E-01
2.857394E+15	6.42227E+00	2.75097E-01
2.845825E+15	6.41368E+00	2.73555E-01
2.834221E+15	6.40510E+00	2.72019E-01
2.822669E+15	6.39652E+00	2.70496E-01
2.811085E+15	6.38795E+00	2.68984E-01
2.799512E+15	6.37939E+00	2.67480E-01
2.787952E+15	6.37134E+00	2.65997E-01
2.776404E+15	6.36278E+00	2.64511E-01
2.764831E+15	6.35474E+00	2.63048E-01
2.753273E+15	6.34670E+00	2.61591E-01
2.741691E+15	6.33866E+00	2.60145E-01
2.730128E+15	6.33063E+00	2.58706E-01
2.718543E+15	6.32261E+00	2.57279E-01
2.706979E+15	6.31509E+00	2.55869E-01
2.695397E+15	6.30708E+00	2.54455E-01
2.683838E+15	6.29957E+00	2.53063E-01
2.672263E+15	6.29156E+00	2.51668E-01
2.660713E+15	6.28406E+00	2.50289E-01
2.649113E+15	6.27657E+00	2.48921E-01
2.637576E+15	6.26908E+00	2.47560E-01
2.625994E+15	6.26159E+00	2.46205E-01
2.614403E+15	6.25411E+00	2.44857E-01
2.602843E+15	6.24713E+00	2.43530E-01
2.591278E+15	6.23965E+00	2.42200E-01
2.579709E+15	6.23268E+00	2.40886E-01
2.568137E+15	6.22522E+00	2.39573E-01
2.556565E+15	6.21825E+00	2.38276E-01
2.544994E+15	6.21129E+00	2.36981E-01
2.533424E+15	6.20434E+00	2.35697E-01
2.521858E+15	6.19739E+00	2.34419E-01
2.510297E+15	6.19044E+00	2.33153E-01
2.498709E+15	6.18349E+00	2.31887E-01
2.487161E+15	6.17655E+00	2.30633E-01
2.475590E+15	6.17011E+00	2.29390E-01
2.464029E+15	6.16318E+00	2.28148E-01
2.452448E+15	6.15674E+00	2.26922E-01
2.440880E+15	6.15031E+00	2.25702E-01
2.429296E+15	6.14339E+00	2.24478E-01
2.417728E+15	6.13697E+00	2.23271E-01
2.406177E+15	6.13055E+00	2.22069E-01
2.394584E+15	6.12413E+00	2.20873E-01
2.383042E+15	6.11771E+00	2.19683E-01
2.371461E+15	6.11130E+00	2.18500E-01
2.359874E+15	6.10539E+00	2.17331E-01
2.348312E+15	6.09899E+00	2.16160E-01
2.336747E+15	6.09308E+00	2.15003E-01
2.325180E+15	6.08668E+00	2.13843E-01
2.313614E+15	6.08078E+00	2.12699E-01
2.302049E+15	6.07438E+00	2.11551E-01
2.290460E+15	6.06849E+00	2.10418E-01
2.278905E+15	6.06259E+00	2.09291E-01
1.883652E+15	6.05160E+00	9.84000E-07
1.846717E+15	6.04668E+00	4.91800E-07
1.811203E+15	6.04668E+00	4.91800E-07
1.777030E+15	6.04176E+00	4.91600E-07
1.744122E+15	6.04176E+00	4.91600E-07
1.712411E+15	6.04176E+00	4.91600E-07
1.681832E+15	6.03685E+00	4.91400E-07
1.652326E+15	6.03194E+00	4.91200E-07
1.623838E+15	6.03194E+00	4.91200E-07
1.596315E+15	6.02212E+00	4.90800E-07
1.569710E+15	6.02212E+00	4.90800E-07
1.543977E+15	6.01721E+00	4.90600E-07
1.519074E+15	6.01230E+00	4.90400E-07
1.494962E+15	6.00740E+00	4.90200E-07
1.471603E+15	6.00250E+00	4.90000E-07
1.448963E+15	5.99760E+00	0.00000E+00
1.427009E+15	5.99760E+00	0.00000E+00
1.405710E+15	5.99270E+00	0.00000E+00
1.385038E+15	5.99270E+00	0.00000E+00
1.364965E+15	5.98781E+00	0.00000E+00
1.345465E+15	5.98781E+00	0.00000E+00
1.326515E+15	5.98292E+00	0.00000E+00
1.308091E+15	5.97803E+00	0.00000E+00
1.290172E+15	5.97803E+00	0.00000E+00
1.272738E+15	5.97314E+00	0.00000E+00
1.255768E+15	5.97314E+00	0.00000E+00
1.239244E+15	5.97314E+00	0.00000E+00
1.223150E+15	5.96825E+00	0.00000E+00
1.207469E+15	5.95848E+00	0.00000E+00
1.192185E+15	5.95848E+00	0.00000E+00
1.177282E+15	5.95360E+00	0.00000E+00
1.162748E+15	5.94872E+00	0.00000E+00
1.148568E+15	5.94872E+00	0.00000E+00
1.134730E+15	5.94384E+00	0.00000E+00
1.121221E+15	5.94384E+00	0.00000E+00
1.108030E+15	5.93897E+00	0.00000E+00
1.095146E+15	5.93897E+00	0.00000E+00
1.082558E+15	5.93410E+00	0.00000E+00
1.070257E+15	5.93410E+00	0.00000E+00
1.058231E+15	5.92923E+00	0.00000E+00
1.046473E+15	5.92923E+00	0.00000E+00
1.034973E+15	5.92436E+00	0.00000E+00
1.023724E+15	5.91949E+00	0.00000E+00
1.012716E+15	5.91462E+00	0.00000E+00
1.001942E+15	5.91462E+00	0.00000E+00
9.913956E+14	5.91462E+00	0.00000E+00
9.810685E+14	5.91462E+00	0.00000E+00
9.709544E+14	5.90976E+00	0.00000E+00
9.610467E+14	5.90976E+00	0.00000E+00
9.513392E+14	5.90976E+00	0.00000E+00
9.418258E+14	5.90976E+00	0.00000E+00
9.325008E+14	5.90490E+00	0.00000E+00
9.233586E+14	5.90004E+00	0.00000E+00
9.143940E+14	5.89518E+00	0.00000E+00
9.056017E+14	5.89518E+00	0.00000E+00
8.969769E+14	5.89518E+00	0.00000E+00
8.885149E+14	5.89033E+00	0.00000E+00
8.802110E+14	5.89033E+00	0.00000E+00
8.720609E+14	5.88548E+00	0.00000E+00
8.640604E+14	5.88548E+00	0.00000E+00
8.562053E+14	5.88063E+00	0.00000E+00
8.484917E+14	5.88548E+00	0.00000E+00
8.409159E+14	5.88063E+00	0.00000E+00
8.334741E+14	5.88063E+00	0.00000E+00
8.261630E+14	5.87578E+00	0.00000E+00
8.189789E+14	5.87578E+00	0.00000E+00
8.119188E+14	5.87578E+00	0.00000E+00
8.049793E+14	5.87578E+00	0.00000E+00
7.981574E+14	5.87093E+00	0.00000E+00
7.914502E+14	5.87093E+00	0.00000E+00
7.848548E+14	5.87093E+00	0.00000E+00
7.783684E+14	5.86608E+00	0.00000E+00
7.719883E+14	5.86608E+00	0.00000E+00
7.657120E+14	5.86608E+00	0.00000E+00
7.595369E+14	5.86608E+00	0.00000E+00
7.534606E+14	5.86124E+00	0.00000E+00
7.496822E+14	5.86124E+00	0.00000E+00
7.459120E+14	5.86124E+00	0.00000E+00
7.421503E+14	5.86124E+00	0.00000E+00
7.383973E+14	5.86124E+00	0.00000E+00
7.346248E+14	5.86124E+00	0.00000E+00
7.308624E+14	5.86124E+00	0.00000E+00
7.270821E+14	5.86124E+00	0.00000E+00
7.233129E+14	5.86124E+00	0.00000E+00
7.195552E+14	5.85640E+00	0.00000E+00
7.157819E+14	5.85640E+00	0.00000E+00
7.120210E+14	5.85640E+00	0.00000E+00
7.082462E+14	5.85640E+00	0.00000E+00
7.044848E+14	5.85640E+00	0.00000E+00
7.007111E+14	5.85156E+00	0.00000E+00
6.969518E+14	5.85156E+00	0.00000E+00
6.931816E+14	5.85156E+00	0.00000E+00
6.894267E+14	5.85156E+00	0.00000E+00
6.856374E+14	5.85156E+00	0.00000E+00
6.818895E+14	5.85156E+00	0.00000E+00
6.781091E+14	5.84672E+00	0.00000E+00
6.743463E+14	5.84672E+00	0.00000E+00
6.705773E+14	5.84672E+00	0.00000E+00
6.668029E+14	5.84672E+00	0.00000E+00
6.630475E+14	5.85156E+00	0.00000E+00
6.592879E+14	5.84672E+00	0.00000E+00
6.555024E+14	5.84672E+00	0.00000E+00
6.517374E+14	5.84672E+00	0.00000E+00
6.479710E+14	5.84672E+00	0.00000E+00
6.442037E+14	5.84189E+00	0.00000E+00
6.404364E+14	5.84189E+00	0.00000E+00
6.366699E+14	5.84189E+00	0.00000E+00
6.329049E+14	5.83706E+00	0.00000E+00
6.291421E+14	5.84189E+00	0.00000E+00
6.253823E+14	5.83706E+00	0.00000E+00
6.216056E+14	5.83706E+00	0.00000E+00
6.178338E+14	5.83706E+00	0.00000E+00
6.140673E+14	5.83706E+00	0.00000E+00
6.103070E+14	5.83706E+00	0.00000E+00
6.065339E+14	5.83706E+00	0.00000E+00
6.027685E+14	5.83706E+00	0.00000E+00
5.989925E+14	5.83223E+00	0.00000E+00
5.952258E+14	5.83223E+00	0.00000E+00
5.914691E+14	5.83223E+00	0.00000E+00
5.877045E+14	5.82740E+00	0.00000E+00
5.839332E+14	5.82740E+00	0.00000E+00
5.801563E+14	5.82740E+00	0.00000E+00
5.763928E+14	5.82257E+00	0.00000E+00
5.726255E+14	5.82740E+00	0.00000E+00
5.688556E+14	5.82257E+00	0.00000E+00
5.651011E+14	5.82257E+00	0.00000E+00
5.613290E+14	5.82740E+00	0.00000E+00
5.575573E+14	5.82740E+00	0.00000E+00
5.537871E+14	5.83706E+00	0.00000E+00
5.500194E+14	5.83223E+00	0.00000E+00
5.462551E+14	5.82740E+00	0.00000E+00
5.424951E+14	5.82740E+00	0.00000E+00
5.387249E+14	5.82740E+00	0.00000E+00
5.349611E+14	5.82740E+00	0.00000E+00
5.311896E+14	5.82257E+00	0.00000E+00
5.274267E+14	5.82257E+00	0.00000E+00
5.236584E+14	5.82257E+00	0.00000E+00
5.198862E+14	5.82257E+00	0.00000E+00
5.161255E+14	5.82257E+00	0.00000E+00
5.123491E+14	5.82740E+00	0.00000E+00
5.085864E+14	5.82740E+00	0.00000E+00
5.048245E+14	5.82740E+00	0.00000E+00
5.010511E+14	5.82257E+00	0.00000E+00
4.972812E+14	5.82257E+00	0.00000E+00
4.935159E+14	5.82740E+00	0.00000E+00
4.897435E+14	5.82740E+00	0.00000E+00
4.859782E+14	5.82740E+00	0.00000E+00
4.822086E+14	5.82740E+00	0.00000E+00
4.784485E+14	5.82740E+00	0.00000E+00
4.746747E+14	5.83223E+00	0.00000E+00
4.709129E+14	5.83706E+00	0.00000E+00
4.671407E+14	5.82740E+00	0.00000E+00
4.633829E+14	5.83706E+00	0.00000E+00
4.596066E+14	5.84189E+00	0.00000E+00
4.558471E+14	5.83706E+00	0.00000E+00
4.520728E+14	5.84189E+00	0.00000E+00
4.483070E+14	5.84189E+00	0.00000E+00
4.445405E+14	5.84189E+00	4.83400E-07
4.407749E+14	5.84189E+00	4.83400E-07
4.370117E+14	5.84189E+00	4.83400E-07
4.332425E+14	5.83706E+00	4.83200E-07
4.294691E+14	5.83706E+00	9.66400E-07
4.257032E+14	5.83706E+00	9.66400E-07
4.219366E+14	5.83706E+00	9.66400E-07
4.181711E+14	5.83222E+00	9.66000E-07
4.143992E+14	5.83222E+00	9.66000E-07
4.106321E+14	5.83222E+00	1.44900E-06
4.068713E+14	5.83222E+00	1.44900E-06
4.031012E+14	5.83222E+00	1.44900E-06
3.993325E+14	5.83222E+00	1.44900E-06
3.955672E+14	5.83222E+00	1.44900E-06
3.917989E+14	5.83222E+00	1.44900E-06
3.880297E+14	5.83222E+00	1.93200E-06
3.842618E+14	5.83222E+00	1.93200E-06
3.804972E+14	5.83222E+00	1.93200E-06
3.767303E+14	5.83222E+00	1.93200E-06
3.729634E+14	5.83222E+00	1.93200E-06
3.691987E+14	5.83222E+00	1.93200E-06
3.654312E+14	5.83222E+00	1.93200E-06
3.616634E+14	5.83222E+00	1.93200E-06
3.578909E+14	5.83222E+00	2.41500E-06
3.541298E+14	5.83222E+00	2.41500E-06
3.503621E+14	5.83222E+00	2.41500E-06
3.465908E+14	5.83222E+00	2.41500E-06
3.428249E+14	5.83222E+00	2.41500E-06
3.390546E+14	5.82740E+00	2.41400E-06
3.352886E+14	5.82740E+00	2.41400E-06
3.315237E+14	5.82740E+00	2.89680E-06
3.277569E+14	5.82740E+00	2.89680E-06
3.239855E+14	5.82740E+00	2.89680E-06
3.202182E+14	5.82257E+00	2.89560E-06
3.164525E+14	5.82257E+00	3.37820E-06
3.126860E+14	5.82257E+00	4.34340E-06
3.089169E+14	5.82257E+00	5.30860E-06
3.051535E+14	5.82257E+00	5.79120E-06
3.013843E+14	5.82257E+00	4.82600E-06
2.976176E+14	5.82257E+00	3.86080E-06
2.938476E+14	5.82257E+00	3.86080E-06
2.900826E+14	5.82257E+00	3.86080E-06
2.863171E+14	5.81774E+00	3.37680E-06
2.825463E+14	5.81774E+00	3.37680E-06
2.787786E+14	5.81292E+00	3.37540E-06
2.750137E+14	5.81292E+00	3.37540E-06
2.712476E+14	5.81292E+00	3.85760E-06
2.674768E+14	5.80810E+00	3.37400E-06
2.637096E+14	5.80810E+00	3.85600E-06
2.599431E+14	5.80328E+00	3.85440E-06
2.561780E+14	5.80328E+00	3.85440E-06
2.524089E+14	5.80328E+00	3.85440E-06
2.486406E+14	5.79846E+00	3.85280E-06
2.448749E+14	5.79846E+00	3.85280E-06
2.411074E+14	5.79365E+00	4.33260E-06
2.373403E+14	5.78884E+00	4.33080E-06
2.335733E+14	5.78884E+00	3.84960E-06
2.298061E+14	5.78884E+00	4.33080E-06
2.260391E+14	5.78402E+00	4.32900E-06
2.222703E+14	5.77922E+00	4.32720E-06
2.185033E+14	5.77922E+00	4.32720E-06
2.147370E+14	5.77441E+00	4.80600E-06
2.109683E+14	5.76960E+00	4.80400E-06
2.072019E+14	5.76480E+00	5.28220E-06
2.034335E+14	5.76480E+00	4.80200E-06
1.996663E+14	5.76480E+00	4.80200E-06
1.958994E+14	5.76000E+00	5.28000E-06
1.921329E+14	5.75520E+00	5.27780E-06
1.883652E+14	5.75520E+00	4.31820E-06
1.845975E+14	5.75040E+00	4.31640E-06
1.808300E+14	5.74561E+00	4.31460E-06
1.770632E+14	5.73602E+00	4.31100E-06
1.732954E+14	5.73602E+00	3.83200E-06
1.695288E+14	5.72645E+00	3.82880E-06
1.657619E+14	5.72166E+00	3.82720E-06
1.619941E+14	5.71210E+00	3.82400E-06
1.582262E+14	5.70254E+00	3.82080E-06
1.544597E+14	5.69777E+00	3.34180E-06
1.506921E+14	5.68346E+00	3.81440E-06
1.469250E+14	5.67392E+00	3.33480E-06
1.431575E+14	5.65964E+00	3.33060E-06
1.393904E+14	5.64538E+00	5.22720E-06
1.356228E+14	5.63113E+00	8.06820E-06
1.318557E+14	5.61216E+00	1.61092E-05
1.280882E+14	5.59796E+00	3.12312E-05
1.243211E+14	5.57904E+00	7.18048E-05
1.205537E+14	5.55545E+00	1.51791E-04
1.167866E+14	5.52720E+00	2.63312E-04
1.130189E+14	5.49902E+00	2.60295E-04
1.092517E+14	5.46157E+00	3.65974E-04
1.054847E+14	5.41958E+00	3.90638E-04
1.017173E+14	5.36849E+00	4.72205E-04
9.794972E+13	5.30842E+00	8.47411E-04
9.418258E+13	5.24868E+00	1.93910E-03
9.041542E+13	5.17562E+00	3.51397E-03
8.664809E+13	5.09405E+00	6.02980E-03